2017-06-29T19:51:00.000000Z 50.866755 -121.73598 11.9 0.0 0.0 0.0 0.0
2017-06-29T19:51:05.000000Z 50.8667566666667 -121.735978333333 12 0.0 0.0 0.0 0.0
2017-06-29T19:51:09.000000Z 50.8667666666667 -121.735976666667 12 0.0 0.0 0.0 0.0
2017-06-29T19:51:14.000000Z 50.8667683333333 -121.735978333333 11.9 0.0 0.0 0.0 0.0
2017-06-29T19:51:19.000000Z 50.8667733333333 -121.735978333333 11.9 0.0 0.0 0.0 0.0
2017-06-29T19:51:24.000000Z 50.86678 -121.735968333333 12 0.0 0.0 0.0 0.0
2017-06-29T19:51:29.000000Z 50.866785 -121.735965 12 0.0 0.0 0.0 0.0
2017-06-29T19:51:33.000000Z 50.8667883333333 -121.735958333333 12.1 0.0 0.0 0.0 0.0
2017-06-29T19:51:38.000000Z 50.8667883333333 -121.73596 12.1 0.0 0.0 0.0 0.0
2017-06-29T19:51:43.000000Z 50.8667883333333 -121.735965 12 0.0 0.0 0.0 0.0
2017-06-29T19:51:48.000000Z 50.8667883333333 -121.735965 12 0.0 0.0 0.0 0.0
2017-06-29T19:51:53.000000Z 50.8667883333333 -121.735963333333 11.9 0.0 0.0 0.0 0.0
2017-06-29T19:51:57.000000Z 50.8667933333333 -121.735965 11.9 0.0 0.0 0.0 0.0
2017-06-29T19:52:02.000000Z 50.8667933333333 -121.735968333333 11.8 0.0 0.0 0.0 0.0
2017-06-29T19:52:07.000000Z 50.86679 -121.735963333333 11.9 0.0 0.0 0.0 0.0
2017-06-29T19:52:12.000000Z 50.8667883333333 -121.735961666667 12 0.0 0.0 0.0 0.0
2017-06-29T19:52:17.000000Z 50.866795 -121.735966666667 12 0.0 0.0 0.0 0.0
2017-06-29T19:52:22.000000Z 50.866795 -121.735961666667 11.9 0.0 0.0 0.0 0.0
2017-06-29T19:52:26.000000Z 50.8667933333333 -121.73596 11.9 0.0 0.0 0.0 0.0
2017-06-29T19:52:31.000000Z 50.8667966666667 -121.735963333333 11.8 0.0 0.0 0.0 0.0
2017-06-29T19:52:41.000000Z 50.8667866666667 -121.73603 10.6 0.0 0.0 0.0 0.0
2017-06-29T19:52:46.000000Z 50.8667916666667 -121.735985 11.9 0.0 0.0 0.0 0.0
2017-06-29T19:52:50.000000Z 50.8667883333333 -121.735978333333 11.9 0.0 0.0 0.0 0.0
2017-06-29T19:52:55.000000Z 50.8667866666667 -121.735976666667 11.9 0.0 0.0 0.0 0.0
2017-06-29T19:53:00.000000Z 50.8667833333333 -121.73598 12.4 0.0 0.0 0.0 0.0
2017-06-29T19:53:05.000000Z 50.8667816666667 -121.735973333333 13.1 0.0 0.0 0.0 0.0
2017-06-29T19:53:10.000000Z 50.86678 -121.735965 13.1 0.0 0.0 0.0 0.0
2017-06-29T19:53:15.000000Z 50.86678 -121.735961666667 13.4 0.0 0.0 0.0 0.0
2017-06-29T19:53:19.000000Z 50.8667783333333 -121.735955 13.4 0.0 0.0 0.0 0.0
2017-06-29T19:53:24.000000Z 50.8667766666667 -121.735946666667 13.5 0.0 0.0 0.0 0.0
2017-06-29T19:53:29.000000Z 50.8667816666667 -121.735951666667 13.4 0.0 0.0 0.0 0.0
2017-06-29T19:53:34.000000Z 50.8667783333333 -121.735946666667 13.5 0.0 0.0 0.0 0.0
2017-06-29T19:53:39.000000Z 50.8667783333333 -121.735946666667 13.6 0.0 0.0 0.0 0.0
2017-06-29T19:53:44.000000Z 50.8667816666667 -121.735946666667 13.4 0.0 0.0 0.0 0.0
2017-06-29T19:53:48.000000Z 50.86678 -121.735941666667 13.4 0.0 0.0 0.0 0.0
2017-06-29T19:53:53.000000Z 50.866785 -121.735948333333 13.3 0.0 0.0 0.0 0.0
2017-06-29T19:53:58.000000Z 50.8667883333333 -121.735946666667 13.4 0.0 0.0 0.0 0.0
2017-06-29T19:54:03.000000Z 50.8667866666667 -121.735948333333 13.4 0.0 0.0 0.0 0.0
2017-06-29T19:54:08.000000Z 50.8667866666667 -121.735941666667 13.4 0.0 0.0 0.0 0.0
2017-06-29T19:54:12.000000Z 50.8667883333333 -121.735943333333 13.4 0.0 0.0 0.0 0.0
2017-06-29T19:54:17.000000Z 50.8667883333333 -121.735951666667 13.4 0.0 0.0 0.0 0.0
2017-06-29T19:54:22.000000Z 50.866795 -121.735955 13.3 0.0 0.0 0.0 0.0
2017-06-29T19:54:27.000000Z 50.8667933333333 -121.735953333333 13.4 0.0 0.0 0.0 0.0
2017-06-29T19:54:32.000000Z 50.8667966666667 -121.735955 13.3 0.0 0.0 0.0 0.0
2017-06-29T19:54:36.000000Z 50.8667966666667 -121.735955 13.4 0.0 0.0 0.0 0.0
2017-06-29T19:54:41.000000Z 50.866795 -121.73596 13.3 0.0 0.0 0.0 0.0
2017-06-29T19:54:46.000000Z 50.8667916666667 -121.735955 13.3 0.0 0.0 0.0 0.0
2017-06-29T19:54:56.000000Z 50.86679 -121.73595 13.4 0.0 0.0 0.0 0.0
2017-06-29T19:55:01.000000Z 50.8667866666667 -121.73595 13.4 0.0 0.0 0.0 0.0
2017-06-29T19:55:05.000000Z 50.8667866666667 -121.735948333333 13.4 0.0 0.0 0.0 0.0
2017-06-29T19:55:10.000000Z 50.8667866666667 -121.735948333333 13.4 0.0 0.0 0.0 0.0
2017-06-29T19:55:22.000000Z 50.866785 -121.735945 13.5 0.0 0.0 0.0 0.0
2017-06-29T19:55:27.000000Z 50.8667816666667 -121.735948333333 13.5 0.0 0.0 0.0 0.0
2017-06-29T19:55:32.000000Z 50.8667816666667 -121.735948333333 13.4 0.0 0.0 0.0 0.0
2017-06-29T19:55:37.000000Z 50.866785 -121.73595 13.4 0.0 0.0 0.0 0.0
2017-06-29T19:55:42.000000Z 50.866785 -121.73595 13.3 0.0 0.0 0.0 0.0
2017-06-29T19:55:46.000000Z 50.866785 -121.735951666667 13.4 0.0 0.0 0.0 0.0
2017-06-29T19:55:51.000000Z 50.8667916666667 -121.73595 13.3 0.0 0.0 0.0 0.0
2017-06-29T19:56:00.000000Z 50.8667883333333 -121.735951666667 13.3 0.0 0.0 0.0 0.0
2017-06-29T19:56:05.000000Z 50.8667866666667 -121.735951666667 13.3 0.0 0.0 0.0 0.0
2017-06-29T19:56:10.000000Z 50.866785 -121.73595 13.4 0.0 0.0 0.0 0.0
2017-06-29T19:56:15.000000Z 50.866785 -121.735951666667 13.3 0.0 0.0 0.0 0.0
2017-06-29T19:56:20.000000Z 50.8667866666667 -121.735951666667 13.4 0.0 0.0 0.0 0.0
2017-06-29T19:56:24.000000Z 50.866785 -121.73595 13.4 0.0 0.0 0.0 0.0
2017-06-29T19:56:29.000000Z 50.866785 -121.73595 13.4 0.0 0.0 0.0 0.0
2017-06-29T19:56:34.000000Z 50.8667866666667 -121.73595 13.3 0.0 0.0 0.0 0.0
2017-06-29T19:56:39.000000Z 50.8667883333333 -121.73595 13.4 0.0 0.0 0.0 0.0
2017-06-29T19:56:44.000000Z 50.86679 -121.735951666667 13.4 0.0 0.0 0.0 0.0
2017-06-29T19:56:48.000000Z 50.866785 -121.735941666667 13.5 0.0 0.0 0.0 0.0
2017-06-29T19:56:53.000000Z 50.8667833333333 -121.735943333333 13.5 0.0 0.0 0.0 0.0
2017-06-29T19:56:58.000000Z 50.8667883333333 -121.735945 13.4 0.0 0.0 0.0 0.0
2017-06-29T19:57:03.000000Z 50.8667816666667 -121.735946666667 13.4 0.0 0.0 0.0 0.0
2017-06-29T19:57:08.000000Z 50.8667766666667 -121.735953333333 13.4 0.0 0.0 0.0 0.0
2017-06-29T19:57:13.000000Z 50.8667683333333 -121.735963333333 13.2 0.0 0.0 0.0 0.0
2017-06-29T19:57:17.000000Z 50.8667633333333 -121.735973333333 13.5 0.0 0.0 0.0 0.0
2017-06-29T19:57:22.000000Z 50.8667583333333 -121.735988333333 13.5 0.0 0.0 0.0 0.0
2017-06-29T19:57:27.000000Z 50.86676 -121.735991666667 13.5 0.0 0.0 0.0 0.0
2017-06-29T19:57:32.000000Z 50.8667633333333 -121.735991666667 13.4 0.0 0.0 0.0 0.0
2017-06-29T19:57:37.000000Z 50.8667616666667 -121.73599 13.5 0.0 0.0 0.0 0.0
2017-06-29T19:57:42.000000Z 50.8667633333333 -121.735993333333 13.4 0.0 0.0 0.0 0.0
2017-06-29T19:57:46.000000Z 50.8667633333333 -121.735991666667 13.5 0.0 0.0 0.0 0.0
2017-06-29T19:57:51.000000Z 50.866765 -121.735995 13.4 0.0 0.0 0.0 0.0
2017-06-29T19:57:56.000000Z 50.8667666666667 -121.736 13.3 0.0 0.0 0.0 0.0
2017-06-29T19:58:01.000000Z 50.866765 -121.736003333333 13.4 0.0 0.0 0.0 0.0
2017-06-29T19:58:06.000000Z 50.8667666666667 -121.736005 13.4 0.0 0.0 0.0 0.0
2017-06-29T19:58:10.000000Z 50.8667683333333 -121.736005 13.4 0.0 0.0 0.0 0.0
2017-06-29T19:58:15.000000Z 50.86677 -121.736005 13.3 0.0 0.0 0.0 0.0
2017-06-29T19:58:20.000000Z 50.86677 -121.736006666667 13.3 0.0 0.0 0.0 0.0
2017-06-29T19:58:25.000000Z 50.8667733333333 -121.73601 13.2 0.0 0.0 0.0 0.0
2017-06-29T19:58:30.000000Z 50.8667733333333 -121.736006666667 13.3 0.0 0.0 0.0 0.0
2017-06-29T19:58:35.000000Z 50.8667766666667 -121.736016666667 13 0.0 0.0 0.0 0.0
2017-06-29T19:58:39.000000Z 50.866775 -121.736011666667 13.2 0.0 0.0 0.0 0.0
2017-06-29T19:58:44.000000Z 50.8667766666667 -121.736006666667 13.4 0.0 0.0 0.0 0.0
2017-06-29T19:58:49.000000Z 50.8667766666667 -121.736008333333 13.3 0.0 0.0 0.0 0.0
2017-06-29T19:58:54.000000Z 50.866775 -121.736001666667 13.4 0.0 0.0 0.0 0.0
2017-06-29T19:58:59.000000Z 50.86677 -121.736005 13.4 0.0 0.0 0.0 0.0
2017-06-29T19:59:03.000000Z 50.8667766666667 -121.736006666667 13.3 0.0 0.0 0.0 0.0
2017-06-29T19:59:08.000000Z 50.8667766666667 -121.736001666667 13.4 0.0 0.0 0.0 0.0
2017-06-29T19:59:13.000000Z 50.8667766666667 -121.735998333333 13.4 0.0 0.0 0.0 0.0
2017-06-29T19:59:32.000000Z 50.86678 -121.735995 13.4 0.0 0.0 0.0 0.0
