2017-11-10T23:15:33.487643Z 626864.340314985 4618347.04086307 100 0 -0 0
2017-11-10T23:15:34.479591Z 626864.340314985 4618347.04086307 100 0 -0 0
2017-11-10T23:15:35.487510Z 626864.340314985 4618347.04086307 100 0 -0 0
2017-11-10T23:15:36.479799Z 626864.340314985 4618347.04086307 100 0 -0 0
2017-11-10T23:15:37.487783Z 626864.340314985 4618347.04086307 100 0 -0 0
2017-11-10T23:15:38.479871Z 626864.340314985 4618347.04086307 100 0 -0 0
2017-11-10T23:15:39.487896Z 626864.340314985 4618347.04086307 100 0 -0 0
2017-11-10T23:15:40.479918Z 626864.340314985 4618347.04086307 100 0 -0 0
2017-11-10T23:15:41.487989Z 626864.340314985 4618347.04086307 100 0 -0 0
2017-11-10T23:15:42.480027Z 626864.340314985 4618347.04086307 100 0 -0 0
2017-11-10T23:15:43.488043Z 626864.340314985 4618347.04086307 100 0 -0 0
2017-11-10T23:15:44.480107Z 626864.340314985 4618347.04086307 100 0 -0 0
2017-11-10T23:15:45.488134Z 626864.340314985 4618347.04086307 100 0 -0 0
2017-11-10T23:15:46.480037Z 626864.340314985 4618347.04086307 100 0 -0 0
2017-11-10T23:15:47.488279Z 626864.507954985 4618347.07342797 100.035935200751 -0.0335868149995804 0.000276130012935027 -0.0284151341766119
2017-11-10T23:15:48.480070Z 626864.625548989 4618347.09062477 100.047712601721 -0.0348134189844131 -0.0246714036911726 0.00199186708778143
2017-11-10T23:15:49.488204Z 626864.632461995 4618347.08976667 100.050721600652 -0.0364318042993546 -0.0236200969666243 0.00247654342092574
2017-11-10T23:15:50.480183Z 626864.653986991 4618347.09072447 100.054159898311 -0.0368643626570702 -0.0408953987061977 0.00238346518017352
2017-11-10T23:15:51.488381Z 626864.653410972 4618347.09024007 100.054330900311 -0.037474486976862 -0.0403595566749573 0.000360556470695883
2017-11-10T23:15:52.480463Z 626864.670621992 4618347.09158647 100.055511001498 -0.0366805233061314 -0.0539100095629692 0.000367963628377765
2017-11-10T23:15:53.488311Z 626864.673905999 4618347.08970937 100.055753700435 -0.0377422273159027 -0.0543687827885151 0.000513431790750474
2017-11-10T23:15:54.480757Z 626864.843234957 4618347.08302147 100.072376601398 -0.0360723920166492 -0.082601398229599 -0.0167341325432062
2017-11-10T23:15:55.488438Z 626865.026282966 4618347.07145637 100.098862700164 -0.0346773006021976 -0.12657168507576 -0.0304250530898571
2017-11-10T23:15:56.480558Z 626865.449615002 4618347.10349587 100.130401000381 -0.00437619304284453 -0.10857117921114 -0.0454641468822956
2017-11-10T23:15:57.488550Z 626865.551214934 4618347.07105137 100.150745004416 -0.0290187280625105 -0.118865706026554 -0.0249043833464384
2017-11-10T23:15:58.480965Z 626865.674414993 4618347.04629686 100.10386300087 0.0485210008919239 -0.151513025164604 -0.0257202554494143
2017-11-10T23:15:59.488587Z 626865.734714985 4618347.02911027 100.082282200456 0.0718511193990707 -0.169070318341255 -0.0147869661450386
2017-11-10T23:16:00.480597Z 626865.714545012 4618347.03677434 100.093942299485 0.0569172315299511 -0.164199844002724 -0.0197131074965
2017-11-10T23:16:01.488791Z 626865.709854961 4618347.03865891 100.09544300288 0.0554014816880226 -0.161314725875854 -0.0206595808267593
2017-11-10T23:16:02.480804Z 626865.712795019 4618347.03732793 100.095987699926 0.0545938238501549 -0.164493814110756 -0.0211712475866079
2017-11-10T23:16:03.488749Z 626865.795624972 4618347.02677427 100.08335480094 0.0846870243549347 -0.193877309560776 -0.0178809370845556
2017-11-10T23:16:04.480835Z 626866.027974964 4618347.06829347 100.196958005428 0.0205932632088661 -0.196310460567474 -0.0531094633042812
2017-11-10T23:16:05.488854Z 626866.419515014 4618347.05171277 100.229958996177 0.0500443652272224 -0.194877132773399 -0.085905946791172
2017-11-10T23:16:06.480984Z 626866.707764984 4618347.02526297 100.226289004087 0.0879629775881767 -0.17597484588623 -0.102356664836407
2017-11-10T23:16:07.489364Z 626866.839734912 4618347.01510177 100.213044002652 0.0820783227682114 -0.104887209832668 -0.129654511809349
2017-11-10T23:16:08.481113Z 626866.787244916 4618347.02040617 100.226128995419 0.0756912529468536 -0.122398383915424 -0.125046700239182
2017-11-10T23:16:09.489092Z 626866.784114957 4618347.01727427 100.223695993423 0.0725948512554169 -0.118597827851772 -0.122243851423264
2017-11-10T23:16:10.481072Z 626866.783734918 4618347.01716837 100.223988994956 0.0714546367526054 -0.118988581001759 -0.122441373765469
2017-11-10T23:16:11.489061Z 626866.784084916 4618347.01625847 100.223866000772 0.0706629157066345 -0.11928267031908 -0.122592844069004
2017-11-10T23:16:12.484454Z 626866.804235101 4618347.01737997 100.225904002786 0.074048139154911 -0.136868938803673 -0.125134527683258
2017-11-10T23:16:13.489147Z 626866.881295085 4618347.00457077 100.220642998815 0.0775360092520714 -0.126527339220047 -0.13460998237133
2017-11-10T23:16:14.484104Z 626867.221934915 4618347.01443957 100.29519701004 0.0174186956137419 -0.15831246972084 -0.0801659822463989
2017-11-10T23:16:15.489275Z 626867.460924983 4618346.98734227 100.345090985298 0.044294610619545 -0.264982104301453 -0.111600659787655
2017-11-10T23:16:16.483585Z 626867.922145009 4618346.95941957 100.443394005299 0.0466266013681889 -0.257807374000549 -0.0988593026995659
2017-11-10T23:16:17.489392Z 626867.994175077 4618346.96101747 100.460929989815 0.0298694893717766 -0.235281765460968 -0.0993702784180641
2017-11-10T23:16:18.483893Z 626867.98309505 4618346.96209057 100.45992898941 0.0313388705253601 -0.234737813472748 -0.099765233695507
2017-11-10T23:16:19.489536Z 626867.984384895 4618346.96279367 100.460307002068 0.0315263941884041 -0.235826820135117 -0.0997881814837456
2017-11-10T23:16:20.481572Z 626867.989814878 4618346.96100687 100.459621995687 0.0304113365709782 -0.241286441683769 -0.0983922556042671
2017-11-10T23:16:21.492117Z 626868.231284976 4618346.90086307 100.439310997725 0.0662924945354462 -0.249376714229584 -0.107358731329441
2017-11-10T23:16:22.484620Z 626868.567975164 4618346.85951308 100.490824997425 0.0570764914155006 -0.283639937639236 -0.0182333271950483
2017-11-10T23:16:23.492089Z 626868.741254926 4618346.86704107 100.511716008186 0.0672589540481567 -0.247074142098427 -0.0728942379355431
2017-11-10T23:16:24.484455Z 626868.977055192 4618346.91495806 100.6023619771 0.0270895846188068 -0.255540102720261 -0.0622724480926991
2017-11-10T23:16:25.493054Z 626869.01208508 4618346.91629007 100.616145014763 0.0187639556825161 -0.255108088254929 -0.0568161495029926
2017-11-10T23:16:26.483625Z 626869.010715127 4618346.91661807 100.614214003086 0.0190019141882658 -0.253899127244949 -0.0555874332785606
2017-11-10T23:16:27.492453Z 626869.010065198 4618346.91670007 100.615005016327 0.0204259194433689 -0.25248920917511 -0.0600837580859661
2017-11-10T23:16:28.481871Z 626869.009275079 4618346.91451008 100.614448010921 0.0188196152448654 -0.252771139144897 -0.0600672140717506
2017-11-10T23:16:29.493956Z 626869.030785203 4618346.89742308 100.622744977474 0.0348894819617271 -0.316241890192032 -0.088952548801899
2017-11-10T23:16:30.481854Z 626869.230205179 4618346.89260006 100.754265010357 0.0354051478207111 -0.488128751516342 -0.0733894184231758
2017-11-10T23:16:31.492853Z 626869.467734933 4618346.90971607 100.945837020874 0.00434321537613869 -0.544207215309143 -0.0899045318365097
2017-11-10T23:16:32.500780Z 626869.699675203 4618346.92171107 101.035619974136 0.00673579750582576 -0.473936021327972 -0.0377648919820786
2017-11-10T23:16:33.492763Z 626869.99170506 4618346.91950507 101.11757004261 0.0299400240182877 -0.416117161512375 -0.0495515428483486
2017-11-10T23:16:34.500775Z 626869.957894922 4618346.92287007 101.112300038338 0.0411015637218952 -0.370351374149323 -0.0893495231866837
2017-11-10T23:16:35.490209Z 626869.959825158 4618346.92574807 101.116400003433 0.0397164672613144 -0.372187465429306 -0.0868781358003616
2017-11-10T23:16:36.501158Z 626869.957985044 4618346.92513707 101.116150021553 0.037532564252615 -0.370346009731293 -0.0841491296887398
2017-11-10T23:16:37.490228Z 626869.959314943 4618346.92625807 101.116899967194 0.0384708382189274 -0.370972573757172 -0.084406852722168
2017-11-10T23:16:38.500883Z 626869.998954893 4618346.92008407 101.130920052528 0.0323338396847248 -0.380221337080002 -0.0634449124336243
2017-11-10T23:16:39.490341Z 626870.176075101 4618346.91192107 101.204249978065 0.00493640499189496 -0.441325128078461 -0.0309927146881819
2017-11-10T23:16:40.501160Z 626870.34757483 4618346.88038408 101.186429977417 0.082795262336731 -0.433283358812332 -0.0800759866833687
2017-11-10T23:16:41.490436Z 626870.810265184 4618346.87655907 101.373739957809 0.0843346938490868 -0.464977860450745 -0.0501628220081329
2017-11-10T23:16:42.501176Z 626870.949665189 4618346.88590508 101.456680059433 0.109388284385204 -0.502891421318054 -0.117147348821163
2017-11-10T23:16:43.490511Z 626870.90645516 4618346.88565708 101.423490047455 0.111458256840706 -0.494339108467102 -0.0980862602591515
2017-11-10T23:16:44.498590Z 626870.904074788 4618346.88844107 101.421919941902 0.112815402448177 -0.496352076530457 -0.098352275788784
2017-11-10T23:16:45.490567Z 626870.906415105 4618346.88663507 101.422559976578 0.111105278134346 -0.49816682934761 -0.0986886322498322
2017-11-10T23:16:46.498667Z 626870.905874849 4618346.88476508 101.422070026398 0.109625332057476 -0.497793525457382 -0.0989619940519333
2017-11-10T23:16:47.490642Z 626871.018684984 4618346.88573008 101.510609984398 0.0821291729807854 -0.511247932910919 -0.103354871273041
2017-11-10T23:16:48.498706Z 626871.396635175 4618346.84021607 101.703690052032 0.116454392671585 -0.563946783542633 -0.0934017151594162
2017-11-10T23:16:49.490798Z 626871.717964769 4618346.80403607 101.813320040703 0.171686619520187 -0.563162505626678 -0.124568127095699
2017-11-10T23:16:50.498821Z 626872.030964971 4618346.83533007 102.002310037613 0.14566345512867 -0.53412139415741 -0.126352027058601
2017-11-10T23:16:51.490893Z 626872.047794938 4618346.83445707 102.012840032578 0.146584361791611 -0.529817640781403 -0.124482929706573
2017-11-10T23:16:52.498891Z 626872.013085008 4618346.84037908 101.998790025711 0.144552201032639 -0.531258702278137 -0.125860661268234
2017-11-10T23:16:53.490951Z 626871.957494855 4618346.84552607 101.966609954834 0.143515601754189 -0.521931052207947 -0.123881235718727
2017-11-10T23:16:54.498975Z 626871.94655478 4618346.84288007 101.960579991341 0.141073688864708 -0.516003549098969 -0.126586720347404
2017-11-10T23:16:55.491046Z 626871.944375158 4618346.84235007 101.960680007935 0.139996841549873 -0.517824470996857 -0.127580568194389
2017-11-10T23:16:56.499022Z 626871.943925023 4618346.84127407 101.96055996418 0.139467746019363 -0.517208874225616 -0.128266409039497
2017-11-10T23:16:57.491124Z 626871.993555189 4618346.83477307 101.981299996376 0.144222870469093 -0.537856161594391 -0.125811249017715
2017-11-10T23:16:58.499098Z 626872.27856505 4618346.80502408 102.126650094986 0.156308978796005 -0.579821944236755 -0.106691278517246
2017-11-10T23:16:59.491184Z 626872.615414739 4618346.79414407 102.335380077362 0.196749597787857 -0.613063752651215 -0.153248146176338
2017-11-10T23:17:00.499737Z 626872.930304647 4618346.77798006 102.530309915543 0.201085433363914 -0.600607812404633 -0.148798540234566
2017-11-10T23:17:01.491279Z 626873.110634923 4618346.79212907 102.657749891281 0.159983828663826 -0.587543368339539 -0.106234021484852
2017-11-10T23:17:02.499328Z 626873.059004903 4618346.79995007 102.642740011215 0.150547757744789 -0.576306819915771 -0.109184823930264
2017-11-10T23:17:03.491340Z 626873.059074521 4618346.79997407 102.641200065613 0.149262025952339 -0.576418936252594 -0.109574928879738
2017-11-10T23:17:04.499486Z 626873.055094838 4618346.80142007 102.638859987259 0.149669498205185 -0.574334263801575 -0.109448574483395
2017-11-10T23:17:05.491426Z 626873.052415014 4618346.80242107 102.63642001152 0.148517668247223 -0.570361077785492 -0.104945637285709
2017-11-10T23:17:06.499481Z 626873.188474775 4618346.79209108 102.71973991394 0.149107933044434 -0.61216539144516 -0.0958638340234756
2017-11-10T23:17:07.491446Z 626873.365545392 4618346.77547306 102.880609989166 0.156740769743919 -0.743333697319031 -0.0952832400798798
2017-11-10T23:17:08.499596Z 626873.568204999 4618346.76697606 103.109040021896 0.176267400383949 -0.794896364212036 -0.1268600076437
2017-11-10T23:17:09.491573Z 626873.84245503 4618346.74169308 103.341650009155 0.234392330050468 -0.736101686954498 -0.15986280143261
2017-11-10T23:17:10.499634Z 626873.907394529 4618346.74646008 103.382899999619 0.226209864020348 -0.704526364803314 -0.153034195303917
2017-11-10T23:17:11.491658Z 626873.881014943 4618346.74824006 103.373490095139 0.225539594888687 -0.720412909984589 -0.158745348453522
2017-11-10T23:17:12.499770Z 626873.878014684 4618346.74653107 103.373939990997 0.224541828036308 -0.719733059406281 -0.15997388958931
2017-11-10T23:17:13.491737Z 626873.874625326 4618346.74630708 103.372459888458 0.223366469144821 -0.719568252563477 -0.15906049311161
2017-11-10T23:17:14.500913Z 626873.874605298 4618346.74584708 103.372169971466 0.222865328192711 -0.719461858272552 -0.158568829298019
2017-11-10T23:17:15.491814Z 626874.072364927 4618346.72131807 103.462579965591 0.239927276968956 -0.692862212657928 -0.141319915652275
2017-11-10T23:17:16.499898Z 626874.421415449 4618346.72919107 103.685240030289 0.213768795132637 -0.665129423141479 -0.0741914436221123
2017-11-10T23:17:17.491840Z 626874.693914533 4618346.69542107 103.823050022125 0.250944495201111 -0.71658182144165 -0.0651699081063271
2017-11-10T23:17:18.499984Z 626874.793014646 4618346.70139608 103.891160011292 0.244344443082809 -0.687457203865051 -0.0526334121823311
2017-11-10T23:17:19.492044Z 626874.751215101 4618346.70087207 103.867199897766 0.247348815202713 -0.692558109760284 -0.0632316395640373
2017-11-10T23:17:20.499984Z 626874.723315359 4618346.70020208 103.846610069275 0.247773095965385 -0.687964558601379 -0.0651020705699921
2017-11-10T23:17:21.492120Z 626874.723714948 4618346.70156908 103.847019910812 0.247626766562462 -0.687079429626465 -0.0634790882468224
2017-11-10T23:17:22.500137Z 626874.723315359 4618346.70168406 103.847810029984 0.248351573944092 -0.687580108642578 -0.0633703917264938
2017-11-10T23:17:23.492196Z 626874.791215062 4618346.69546608 103.882440090179 0.24057774245739 -0.681868672370911 -0.0520710460841656
2017-11-10T23:17:24.499913Z 626875.173215032 4618346.69979707 104.135529994965 0.231827959418297 -0.740212678909302 -0.0200490355491638
2017-11-10T23:17:25.492236Z 626875.424215436 4618346.76325208 104.414490222931 0.176098063588142 -0.774124026298523 0.0265942215919495
2017-11-10T23:17:26.500164Z 626875.698615194 4618346.76319808 104.613800048828 0.223074615001678 -0.748331487178802 0.00288874260149896
2017-11-10T23:17:27.492294Z 626875.849214673 4618346.77428207 104.715219974518 0.229079350829124 -0.717315435409546 0.00293234013952315
2017-11-10T23:17:28.500361Z 626875.807415128 4618346.77296207 104.689050197601 0.225641891360283 -0.722502529621124 0.00451756222173572
2017-11-10T23:17:29.492427Z 626875.792815328 4618346.77468908 104.68100976944 0.225582554936409 -0.719880759716034 0.00715513806790113
2017-11-10T23:17:30.500453Z 626875.792715192 4618346.77449307 104.681119918823 0.225634843111038 -0.720714926719666 0.00688979774713516
2017-11-10T23:17:31.492509Z 626875.842214704 4618346.77079907 104.709799766541 0.226278439164162 -0.725413620471954 0.00606969743967056
2017-11-10T23:17:32.500494Z 626876.171215177 4618346.80285807 104.967609882355 0.222730875015259 -0.723652184009552 -0.00975609477609396
2017-11-10T23:17:33.492582Z 626876.416714788 4618346.82691707 105.206689834595 0.239284098148346 -0.747900366783142 -0.0258376412093639
2017-11-10T23:17:34.500765Z 626876.544215322 4618346.84153207 105.340849876404 0.184921965003014 -0.740853548049927 0.00923121813684702
2017-11-10T23:17:35.492660Z 626876.538114667 4618346.83984606 105.334849834442 0.186381995677948 -0.732368886470795 0.0071322382427752
2017-11-10T23:17:36.500719Z 626876.5389148 4618346.83966107 105.335440158844 0.185816302895546 -0.732415914535522 0.00658795237541199
2017-11-10T23:17:37.492736Z 626876.539215207 4618346.83986608 105.33627986908 0.186397597193718 -0.732954025268555 0.00614221254363656
2017-11-10T23:17:38.500837Z 626876.569914937 4618346.84527508 105.369309902191 0.182207629084587 -0.747597634792328 0.00974494870752096
2017-11-10T23:17:39.508832Z 626876.816015363 4618346.84734407 105.550799846649 0.188658803701401 -0.745891690254211 0.010557759553194
2017-11-10T23:17:40.500878Z 626877.149114728 4618346.83995307 105.715139865875 0.238221138715744 -0.764581441879272 0.0608816705644131
2017-11-10T23:17:41.508898Z 626877.455815435 4618346.90525407 105.987080097198 0.179572984576225 -0.734312534332275 0.110260382294655
2017-11-10T23:17:42.500989Z 626877.532815099 4618346.92571307 106.051179885864 0.183132335543633 -0.723636209964752 0.105147749185562
2017-11-10T23:17:43.508974Z 626877.533615232 4618346.92341807 106.051229953766 0.17742395401001 -0.723529398441315 0.110743999481201
2017-11-10T23:17:44.502064Z 626877.533214689 4618346.92452307 106.051459789276 0.178325042128563 -0.723142564296722 0.110641479492188
2017-11-10T23:17:45.509058Z 626877.543615461 4618346.92326607 106.060579776764 0.173877626657486 -0.729272067546844 0.111389853060246
2017-11-10T23:17:46.501102Z 626877.73551476 4618346.97901137 106.231160163879 0.17703278362751 -0.706496715545654 0.0927807614207268
2017-11-10T23:17:47.509125Z 626878.036014676 4618347.04360909 106.491219997406 0.151867732405663 -0.729795157909393 0.0969353765249252
2017-11-10T23:17:48.501199Z 626878.303215146 4618347.06847277 106.713369846344 0.191621005535126 -0.756511986255646 0.0696350187063217
2017-11-10T23:17:49.509226Z 626878.35291493 4618347.07607687 106.76015996933 0.199745371937752 -0.764441549777985 0.0513147562742233
2017-11-10T23:17:50.501263Z 626878.353514791 4618347.07680547 106.762239933014 0.19777700304985 -0.762824535369873 0.0534601807594299
2017-11-10T23:17:51.509356Z 626878.352214933 4618347.07777997 106.761740207672 0.195766851305962 -0.762906134128571 0.0569926798343658
2017-11-10T23:17:52.501342Z 626878.375214696 4618347.08109827 106.78548002243 0.194134324789047 -0.771393477916718 0.0560279972851276
2017-11-10T23:17:53.509402Z 626878.603915334 4618347.13757147 107.028870105743 0.161091357469559 -0.766721725463867 0.084012009203434
2017-11-10T23:17:54.501414Z 626878.870914579 4618347.19594507 107.276309967041 0.194920882582664 -0.753333389759064 0.060943890362978
2017-11-10T23:17:55.509501Z 626879.098815084 4618347.22270008 107.496200084686 0.140761733055115 -0.753088057041168 0.0782150104641914
2017-11-10T23:17:56.501504Z 626879.079315305 4618347.22288107 107.488939762115 0.14493153989315 -0.755103468894958 0.0714306384325027
2017-11-10T23:17:57.509555Z 626879.0722152 4618347.22370106 107.482930183411 0.146275460720062 -0.755666673183441 0.069790281355381
2017-11-10T23:17:58.501570Z 626879.072915197 4618347.22416208 107.483419895172 0.145416960120201 -0.755253195762634 0.0702847987413406
2017-11-10T23:17:59.509685Z 626879.326714635 4618347.16036807 107.626150131226 0.0899575427174568 -0.770965456962585 0.068312756717205
2017-11-10T23:18:00.501613Z 626879.401914716 4618347.20991408 107.737820148468 -0.149901017546654 -0.691617727279663 0.493253886699677
2017-11-10T23:18:01.509707Z 626879.606015325 4618347.38481206 107.900770187378 -0.198530539870262 -0.665037930011749 0.580780208110809
2017-11-10T23:18:02.501460Z 626879.703114629 4618347.45061106 107.971690177917 -0.179392516613007 -0.650644063949585 0.568275034427643
2017-11-10T23:18:03.509839Z 626879.700715185 4618347.44656006 107.968480110168 -0.178768679499626 -0.649645328521729 0.569083571434021
2017-11-10T23:18:04.501890Z 626879.698515058 4618347.44726608 107.968259811401 -0.177304282784462 -0.649611413478851 0.569296538829803
2017-11-10T23:18:05.509863Z 626879.693514943 4618347.45287907 107.968279838562 -0.170552626252174 -0.646211385726929 0.566828012466431
2017-11-10T23:18:06.501952Z 626879.868314863 4618347.54050106 108.102089881897 0.106629841029644 -0.612448871135712 0.0921720191836357
2017-11-10T23:18:07.509977Z 626880.175214887 4618347.62774209 108.334770202637 0.0963569581508636 -0.607719779014587 0.0720573514699936
2017-11-10T23:18:08.502028Z 626880.513614774 4618347.6258711 108.471070289612 0.149516209959984 -0.618937373161316 0.0397758521139622
2017-11-10T23:18:09.510020Z 626880.727714658 4618347.6533461 108.56746006012 0.188585668802261 -0.601221263408661 0.0239496994763613
2017-11-10T23:18:10.502105Z 626880.710615278 4618347.63883207 108.566960334778 0.183763846755028 -0.604670464992523 0.0112008508294821
2017-11-10T23:18:11.510129Z 626880.709215284 4618347.63979707 108.567119598389 0.184204876422882 -0.605848729610443 0.0116061819717288
2017-11-10T23:18:12.502183Z 626880.706915021 4618347.64182505 108.566769599915 0.185323148965836 -0.605195641517639 0.0144914360716939
2017-11-10T23:18:13.510200Z 626880.824915052 4618347.6538941 108.661170005798 0.173148617148399 -0.622092604637146 -0.0158503409475088
2017-11-10T23:18:14.503268Z 626881.007614255 4618347.6712651 108.775549888611 0.162339016795158 -0.632233440876007 0.0546601861715317
2017-11-10T23:18:15.510282Z 626881.137115598 4618347.67698405 108.846650123596 0.164699345827103 -0.64075642824173 0.0535388179123402
2017-11-10T23:18:16.502353Z 626881.391014219 4618347.68047604 109.006750106812 0.318743139505386 -0.659834384918213 -0.135541677474976
2017-11-10T23:18:17.510352Z 626881.318214536 4618347.67420808 108.986789703369 0.312199771404266 -0.645729243755341 -0.186594069004059
2017-11-10T23:18:18.502409Z 626881.306915403 4618347.68106005 108.979100227356 0.316051959991455 -0.633469939231873 -0.190025359392166
2017-11-10T23:18:19.510452Z 626881.303415418 4618347.68096206 108.977549552917 0.309718817472458 -0.635461509227753 -0.179744139313698
2017-11-10T23:18:20.502484Z 626881.303814054 4618347.67977307 108.977120399475 0.308772444725037 -0.635429263114929 -0.179953411221504
2017-11-10T23:18:21.510603Z 626881.301315427 4618347.68359909 108.977330207825 0.310426205396652 -0.634931027889252 -0.179194822907448
2017-11-10T23:18:22.502565Z 626881.312414289 4618347.67790309 108.984279632568 0.307722479104996 -0.655553340911865 -0.172759503126144
2017-11-10T23:18:23.510606Z 626881.517515302 4618347.62567708 109.062080383301 0.345847874879837 -0.63494348526001 -0.172289878129959
2017-11-10T23:18:24.502642Z 626881.699415326 4618347.64428005 109.239580154419 0.369589388370514 -0.634713709354401 -0.221572652459145
2017-11-10T23:18:25.510684Z 626881.806415677 4618347.65189407 109.291640281677 0.446582853794098 -0.618166565895081 -0.302391707897186
2017-11-10T23:18:26.502719Z 626882.057714582 4618347.59517005 109.51210975647 0.46448689699173 -0.740658402442932 -0.297032922506332
2017-11-10T23:18:27.510805Z 626882.068315626 4618347.58942506 109.512760162354 0.466265946626663 -0.741917908191681 -0.287858575582504
2017-11-10T23:18:28.502793Z 626882.051115156 4618347.58682606 109.509989738464 0.457210600376129 -0.736297369003296 -0.288264125585556
2017-11-10T23:18:29.510890Z 626882.051115156 4618347.58692405 109.507510185242 0.453430473804474 -0.737393796443939 -0.285141915082932
2017-11-10T23:18:30.502873Z 626882.05061543 4618347.58763209 109.508060455322 0.454377412796021 -0.737369477748871 -0.285557806491852
2017-11-10T23:18:31.510987Z 626882.051115156 4618347.58834806 109.507769584656 0.454889267683029 -0.737732946872711 -0.284674763679504
2017-11-10T23:18:32.502948Z 626882.170414091 4618347.56578806 109.640230178833 0.436954021453857 -0.758791565895081 -0.279595524072647
2017-11-10T23:18:33.511063Z 626882.39531529 4618347.54560706 109.810529708862 0.507906079292297 -0.741657495498657 -0.30404195189476
2017-11-10T23:18:34.503024Z 626882.64311421 4618347.48122907 110.113499641418 0.450260907411575 -0.75261527299881 -0.30183333158493
2017-11-10T23:18:35.511087Z 626882.817314268 4618347.41732207 110.21399974823 0.470109164714813 -0.751183152198792 -0.301266252994537
2017-11-10T23:18:36.503182Z 626882.803714872 4618347.43533707 110.205900192261 0.470118373632431 -0.743871748447418 -0.283299595117569
2017-11-10T23:18:37.511216Z 626882.799715162 4618347.43617008 110.200699806213 0.472654610872269 -0.746439099311829 -0.286604702472687
2017-11-10T23:18:38.503255Z 626882.797014356 4618347.43817908 110.199000358582 0.470471799373627 -0.747593581676483 -0.28199028968811
2017-11-10T23:18:39.511210Z 626882.83061421 4618347.42753607 110.232799530029 0.455833584070206 -0.739820003509521 -0.273903518915176
2017-11-10T23:18:40.503372Z 626883.036815763 4618347.39675108 110.351300239563 0.456516265869141 -0.655201435089111 -0.261846631765366
2017-11-10T23:18:41.511351Z 626883.28931439 4618347.38055206 110.447699546814 0.513465225696564 -0.679803192615509 -0.273088842630386
2017-11-10T23:18:42.503406Z 626883.38731587 4618347.34338707 110.644000053406 0.494312793016434 -0.728184938430786 -0.364511221647263
2017-11-10T23:18:43.511360Z 626883.571615339 4618347.30608008 110.76490020752 0.549915254116058 -0.788036644458771 -0.405117452144623
2017-11-10T23:18:44.503487Z 626883.621515394 4618347.27571307 110.855799674988 0.548216998577118 -0.780109107494354 -0.405041962862015
2017-11-10T23:18:45.511508Z 626883.616615415 4618347.27993808 110.839500427246 0.545915722846985 -0.769762873649597 -0.397728025913239
2017-11-10T23:18:46.519511Z 626883.616415143 4618347.27840408 110.840200424194 0.546691536903381 -0.769341051578522 -0.400136262178421
2017-11-10T23:18:47.511543Z 626883.61611569 4618347.27995907 110.839900016785 0.547829270362854 -0.768699467182159 -0.400201857089996
2017-11-10T23:18:48.519645Z 626883.616714597 4618347.27975707 110.84049987793 0.548904299736023 -0.768273890018463 -0.401473045349121
2017-11-10T23:18:49.511656Z 626883.671514631 4618347.25827708 110.908699989319 0.541564643383026 -0.776550590991974 -0.40382120013237
2017-11-10T23:18:50.519716Z 626883.851215482 4618347.20171307 111.119199752808 0.544091999530792 -0.816735744476318 -0.405371904373169
2017-11-10T23:18:51.511803Z 626884.095014692 4618347.13917057 111.379799842834 0.606143414974213 -0.860546469688416 -0.442666858434677
2017-11-10T23:18:52.519798Z 626884.324215055 4618347.01933627 111.594200134277 0.651433408260345 -0.784852743148804 -0.476260423660278
2017-11-10T23:18:53.511851Z 626884.418714643 4618346.97929827 111.711999893188 0.640891194343567 -0.805714964866638 -0.467450857162476
2017-11-10T23:18:54.519873Z 626884.376514554 4618346.99139977 111.686900138855 0.630064189434052 -0.804027140140533 -0.472749799489975
2017-11-10T23:18:55.511928Z 626884.375015378 4618346.99168767 111.685299873352 0.630513250827789 -0.802643060684204 -0.472396224737167
2017-11-10T23:18:56.519970Z 626884.375314832 4618346.99188847 111.685899734497 0.631384432315826 -0.80272650718689 -0.473160475492477
2017-11-10T23:18:57.512000Z 626884.427614332 4618346.97005587 111.718799591064 0.633573770523071 -0.793312668800354 -0.468759894371033
2017-11-10T23:18:58.520023Z 626884.678215146 4618346.88771907 111.948800086975 0.633756399154663 -0.805520057678223 -0.468377739191055
2017-11-10T23:18:59.512076Z 626884.89021504 4618346.80359407 112.155400276184 0.651685297489166 -0.809683620929718 -0.511629581451416
2017-11-10T23:19:00.520121Z 626885.028814435 4618346.68829108 112.40299987793 0.7489914894104 -0.940902352333069 -0.614401757717133
2017-11-10T23:19:01.512167Z 626884.832115293 4618347.03071027 112.288499832153 0.551676154136658 -0.687150597572327 -0.0779487267136574
2017-11-10T23:19:02.520196Z 626884.710014463 4618347.18089207 112.300200462341 0.918933272361755 -0.240681976079941 -0.361538648605347
2017-11-10T23:19:03.512237Z 626884.670614362 4618347.17596707 112.298899650574 0.893771052360535 -0.24552746117115 -0.35229480266571
2017-11-10T23:19:04.520271Z 626884.645115018 4618347.17440106 112.287799835205 0.88442587852478 -0.245533645153046 -0.353878736495972
2017-11-10T23:19:05.512315Z 626884.649614454 4618347.18349207 112.295499801636 0.90208488702774 -0.242881968617439 -0.357795655727386
2017-11-10T23:19:06.520394Z 626884.651315809 4618347.19093907 112.301199913025 0.915012300014496 -0.239840805530548 -0.370869874954224
2017-11-10T23:19:07.512384Z 626884.651315809 4618347.19093907 112.301199913025 0.915012300014496 -0.239840805530548 -0.370869874954224
2017-11-10T23:19:08.520469Z 626884.074514509 4618347.29278607 112.433899879456 -0.612084209918976 0.214297443628311 -2.80908441543579
2017-11-10T23:19:09.512475Z 626883.173614622 4618346.84558706 113.417799949646 -2.2212507724762 -0.136259257793427 -1.96762657165527
2017-11-10T23:19:10.520560Z 626883.093614698 4618346.69903207 113.423600196838 -2.23528385162354 -0.127978056669235 -2.01113510131836
2017-11-10T23:19:11.512538Z 626883.108314634 4618346.72345508 113.423399925232 -2.23169922828674 -0.126548498868942 -2.01224207878113
2017-11-10T23:19:12.520628Z 626883.105915189 4618346.72349707 113.423299789429 -2.22829604148865 -0.126603946089745 -2.01350665092468
2017-11-10T23:19:13.512612Z 626883.104414106 4618346.72388208 113.421600341797 -2.22687458992004 -0.126987010240555 -2.01438760757446
2017-11-10T23:19:14.520727Z 626883.094114423 4618346.69637508 113.429900169373 -2.22016930580139 -0.140616953372955 -2.0273232460022
2017-11-10T23:19:15.512688Z 626883.094114423 4618346.69637508 113.429900169373 -2.22016930580139 -0.140616953372955 -2.0273232460022
2017-11-10T23:19:16.520751Z 626883.094114423 4618346.69637508 113.429900169373 -2.22016930580139 -0.140616953372955 -2.0273232460022
2017-11-10T23:19:17.512765Z 626883.094114423 4618346.69637508 113.429900169373 -2.22016930580139 -0.140616953372955 -2.0273232460022
2017-11-10T23:19:18.520879Z 626883.087514997 4618346.68255908 113.452799797058 -2.21209645271301 -0.15890896320343 -2.02989888191223
2017-11-10T23:19:19.512841Z 626883.098415494 4618346.69669608 113.448100090027 -2.21090126037598 -0.159360662102699 -2.03414535522461
2017-11-10T23:19:20.520872Z 626883.107214094 4618346.70919806 113.441900253296 -2.2121262550354 -0.160856798291206 -2.03622627258301
2017-11-10T23:19:21.512994Z 626883.107414365 4618346.71047408 113.440500259399 -2.21248912811279 -0.162959292531013 -2.03515720367432
2017-11-10T23:19:22.521017Z 626883.108114362 4618346.71072206 113.439299583435 -2.21139740943909 -0.164328590035439 -2.03479337692261
2017-11-10T23:19:23.513069Z 626883.107214094 4618346.71058506 113.437399864197 -2.21042108535767 -0.164264723658562 -2.03447294235229
2017-11-10T23:19:24.521049Z 626883.069915891 4618346.65563706 113.471799850464 -2.21561312675476 -0.151493802666664 -2.02495884895325
2017-11-10T23:19:25.513146Z 626883.826715589 4618346.77432508 113.644700050354 -2.36662077903748 0.0647247806191444 -2.95811676979065
2017-11-10T23:19:26.521169Z 626883.35401547 4618346.74781207 113.642999649048 -2.28575897216797 0.110788494348526 -3.00161552429199
2017-11-10T23:19:27.513219Z 626882.999815107 4618346.69791907 113.699999809265 -2.35412526130676 -0.0653317645192146 -2.96481227874756
2017-11-10T23:19:28.522237Z 626882.905014158 4618346.69190807 113.708800315857 -2.3436963558197 -0.0685142949223518 -2.95760083198547
2017-11-10T23:19:29.512987Z 626882.912614942 4618346.69111008 113.710000038147 -2.35115122795105 -0.0712522715330124 -2.9577112197876
2017-11-10T23:19:30.522234Z 626882.913114667 4618346.69107807 113.710499763489 -2.35155534744263 -0.0714888796210289 -2.95812296867371
2017-11-10T23:19:31.513366Z 626882.913715482 4618346.69033206 113.711899757385 -2.3529155254364 -0.072027362883091 -2.95888566970825
2017-11-10T23:19:32.522727Z 626882.873714567 4618346.69044707 113.719099998474 -2.35209178924561 -0.080844834446907 -2.97087788581848
2017-11-10T23:19:33.513720Z 626882.873914838 4618346.69305107 113.713000297546 -2.34555554389954 -0.0818552821874619 -2.97251582145691
2017-11-10T23:19:34.521566Z 626882.875614286 4618346.69291106 113.716500282288 -2.34701704978943 -0.081149235367775 -2.97040629386902
2017-11-10T23:19:35.513527Z 626882.683214307 4618346.69461906 113.814999580383 -2.36838316917419 -0.142245203256607 -3.00438523292542
2017-11-10T23:19:36.521631Z 626882.19971478 4618346.68551708 113.905300140381 -2.39400625228882 -0.160141602158546 -3.02710008621216
2017-11-10T23:19:37.513603Z 626881.892715574 4618346.68316907 113.928099632263 -2.35922527313232 -0.126000136137009 -3.03549838066101
2017-11-10T23:19:38.521413Z 626881.881214261 4618346.68399609 113.911600112915 -2.35188174247742 -0.129638820886612 -3.03965520858765
2017-11-10T23:19:39.513646Z 626881.901815534 4618346.68468207 113.907699584961 -2.35308790206909 -0.13384023308754 -3.03798341751099
2017-11-10T23:19:40.521776Z 626881.904714704 4618346.68515808 113.907400131226 -2.3533821105957 -0.135117769241333 -3.03803253173828
2017-11-10T23:19:41.513753Z 626881.905014158 4618346.68475706 113.90830039978 -2.35400152206421 -0.134980514645576 -3.03754949569702
2017-11-10T23:19:42.521770Z 626881.827615857 4618346.63707406 114.03569984436 -2.41196632385254 -0.148561879992485 -3.04286956787109
2017-11-10T23:19:43.513828Z 626881.413715482 4618346.74568907 113.976599693298 -2.26560521125793 -0.18589785695076 -3.05672836303711
2017-11-10T23:19:44.521927Z 626881.294014097 4618346.77357307 114.137000083923 -2.28928184509277 -0.368738502264023 3.05155229568481
2017-11-10T23:19:45.513902Z 626881.004915357 4618346.85350107 114.170299530029 -2.23967719078064 -0.36349818110466 3.01664280891418
2017-11-10T23:19:46.521943Z 626881.035514951 4618346.85329207 114.181500434875 -2.23108506202698 -0.365838021039963 3.00045013427734
2017-11-10T23:19:47.513980Z 626881.043214918 4618346.85043407 114.180500030518 -2.23222208023071 -0.36891108751297 2.99422264099121
2017-11-10T23:19:48.522078Z 626881.046915174 4618346.85047007 114.177700042725 -2.2313666343689 -0.369125515222549 2.99433612823486
2017-11-10T23:19:49.514130Z 626881.048814893 4618346.84683007 114.182900428772 -2.23482823371887 -0.370191544294357 2.99285960197449
2017-11-10T23:19:50.522086Z 626880.999315381 4618346.85139607 114.190600395203 -2.23595762252808 -0.37414413690567 2.99343633651733
2017-11-10T23:19:51.514204Z 626880.854715467 4618346.84529107 114.470600128174 -2.34658408164978 -0.45338049530983 3.01074624061584
2017-11-10T23:19:52.522231Z 626880.699415326 4618346.87112207 114.211400032043 -2.30641055107117 -0.526666104793549 3.02662682533264
2017-11-10T23:19:53.530286Z 626880.512514234 4618346.88262608 114.457500457764 -2.41929888725281 -0.49085259437561 3.13353681564331
2017-11-10T23:19:54.522272Z 626880.224814535 4618346.90085607 114.571599960327 -2.38509058952332 -0.535917401313782 3.00516510009766
2017-11-10T23:19:55.530360Z 626880.061815381 4618346.98081907 114.727700233459 -2.29984951019287 -0.511305272579193 2.90443205833435
2017-11-10T23:19:56.522420Z 626879.997815252 4618347.01078287 114.780500411987 -2.26448774337769 -0.526645243167877 2.90134906768799
2017-11-10T23:19:57.530409Z 626879.854415059 4618347.04914878 114.842399597168 -2.28489661216736 -0.538992941379547 2.92878937721252
2017-11-10T23:19:58.522422Z 626879.65181458 4618347.13675737 114.977600097656 -2.26058721542358 -0.577914118766785 2.84473133087158
2017-11-10T23:19:59.530522Z 626879.721815229 4618347.11473307 114.927800178528 -2.2612247467041 -0.618647694587708 2.82881021499634
2017-11-10T23:20:00.522498Z 626879.723115087 4618347.11672077 114.925999641418 -2.25908541679382 -0.625433743000031 2.82344508171082
2017-11-10T23:20:01.530583Z 626879.723315359 4618347.11629307 114.925800323486 -2.25941872596741 -0.626629531383514 2.82239460945129
2017-11-10T23:20:02.522574Z 626879.722615362 4618347.11742927 114.925200462341 -2.2583155632019 -0.626587569713593 2.82229518890381
2017-11-10T23:20:03.530671Z 626879.720814824 4618347.12019427 114.92409992218 -2.25546479225159 -0.625358521938324 2.82208871841431
2017-11-10T23:20:04.522757Z 626879.674615026 4618347.16839306 114.981599807739 -2.24338054656982 -0.599923133850098 2.78728866577148
2017-11-10T23:20:05.530661Z 626879.471414686 4618347.33671007 115.204000473022 -2.24609065055847 -0.546613335609436 2.85754871368408
2017-11-10T23:20:06.522638Z 626879.118015409 4618347.40607706 115.354900360107 -2.24577522277832 -0.477249801158905 2.84550642967224
2017-11-10T23:20:07.530823Z 626878.966614843 4618347.47874308 115.464200019836 -2.23209428787231 -0.457915157079697 2.87060332298279
2017-11-10T23:20:08.522872Z 626878.975114942 4618347.47477806 115.454299926758 -2.23398542404175 -0.456475228071213 2.86850190162659
2017-11-10T23:20:09.530893Z 626878.976214528 4618347.47575406 115.453000068665 -2.2341103553772 -0.456270277500153 2.86857175827026
2017-11-10T23:20:10.522945Z 626878.962615133 4618347.48030207 115.458700180054 -2.2325222492218 -0.450301498174667 2.87198495864868
2017-11-10T23:20:11.530994Z 626878.719314695 4618347.57222709 115.631699562073 -2.21858620643616 -0.384051620960236 2.91536235809326
2017-11-10T23:20:12.523022Z 626878.400614858 4618347.67530707 115.771699905396 -2.23413109779358 -0.362629562616348 2.95339155197144
2017-11-10T23:20:13.531045Z 626878.098115087 4618347.77946505 115.895799636841 -2.19330024719238 -0.351471811532974 2.89969325065613
2017-11-10T23:20:14.523102Z 626877.981015325 4618347.82634405 115.96010017395 -2.15915465354919 -0.354006886482239 2.88043665885925
2017-11-10T23:20:15.531143Z 626877.984315038 4618347.82385406 115.96010017395 -2.16263604164124 -0.355455040931702 2.88093590736389
2017-11-10T23:20:16.523176Z 626877.987815023 4618347.82207206 115.959699630737 -2.16396045684814 -0.357453674077988 2.87973499298096
2017-11-10T23:20:17.531181Z 626877.987915159 4618347.82368407 115.959699630737 -2.16183423995972 -0.358598262071609 2.87766051292419
2017-11-10T23:20:18.523218Z 626877.985815168 4618347.82628408 115.965299606323 -2.16144394874573 -0.365684926509857 2.86885380744934
2017-11-10T23:20:19.531278Z 626877.945314527 4618347.84231606 115.979999542236 -2.1512725353241 -0.374360084533691 2.85050678253174
2017-11-10T23:20:20.523340Z 626877.824915052 4618347.91888008 116.014099121094 -2.11974120140076 -0.427883446216583 2.76319885253906
2017-11-10T23:20:21.531405Z 626877.658615232 4618348.1058431 116.139200210571 -2.08221817016602 -0.456686943769455 2.56753873825073
2017-11-10T23:20:22.523391Z 626877.573814512 4618348.18856302 116.200899124146 -2.03571128845215 -0.459522306919098 2.53531622886658
2017-11-10T23:20:23.531466Z 626877.57981503 4618348.18652311 116.198900222778 -2.03497123718262 -0.461150825023651 2.53420996665955
2017-11-10T23:20:24.523482Z 626877.576814771 4618348.18814305 116.198799133301 -2.03477883338928 -0.460631638765335 2.53458857536316
2017-11-10T23:20:25.531578Z 626877.572414518 4618348.20022312 116.238399505615 -2.04257392883301 -0.460050106048584 2.52748847007751
2017-11-10T23:20:26.523555Z 626877.535314679 4618348.23569301 116.265699386597 -2.03694939613342 -0.460380464792252 2.52864813804626
2017-11-10T23:20:27.531499Z 626877.456614614 4618348.42683307 116.260200500488 -1.91233968734741 -0.489991068840027 2.43962740898132
2017-11-10T23:20:28.523634Z 626877.201814771 4618348.67226306 116.599700927734 -1.98204600811005 -0.516200184822083 2.36563491821289
2017-11-10T23:20:29.531736Z 626877.097014547 4618348.97023312 116.700500488281 -1.85430324077606 -0.564550399780273 2.25921607017517
2017-11-10T23:20:30.523709Z 626876.900414586 4618349.30823306 116.846200942993 -1.81231689453125 -0.527905404567719 2.25350904464722
2017-11-10T23:20:31.531771Z 626876.608915449 4618349.63563303 116.918899536133 -1.77010333538055 -0.564791858196259 2.38334369659424
2017-11-10T23:20:32.523727Z 626876.608915449 4618349.63563303 116.918899536133 -1.77010333538055 -0.564791858196259 2.38334369659424
2017-11-10T23:20:33.531881Z 626875.05611527 4618349.30666307 117.735399246216 -2.08969187736511 -0.429950714111328 -2.42647457122803
2017-11-10T23:20:34.523858Z 626874.500715375 4618348.8723431 117.58930015564 -2.07981705665588 -0.056617945432663 -2.44242691993713
2017-11-10T23:20:35.531920Z 626872.765464902 4618347.67519108 114.665800094604 -0.284344494342804 -1.02775478363037 -2.5351390838623
2017-11-10T23:20:36.523936Z 626872.765464902 4618347.67519108 114.665800094604 -0.284344494342804 -1.02775478363037 -2.5351390838623
2017-11-10T23:20:37.531945Z 626872.765464902 4618347.67519108 114.665800094604 -0.284344494342804 -1.02775478363037 -2.5351390838623
2017-11-10T23:20:38.524084Z 626872.181405187 4618348.79770306 114.996000289917 -0.467210531234741 -0.997390151023865 -2.58997225761414
2017-11-10T23:20:39.532072Z 626873.296115041 4618349.07854298 113.506500244141 -0.633009970188141 -0.480005443096161 -2.22560429573059
2017-11-10T23:20:40.524156Z 626877.671014905 4618345.98194304 113.815899848938 0.444155246019363 -0.537803769111633 -2.18365216255188
2017-11-10T23:20:41.532126Z 626877.420214773 4618345.83174304 113.986200332642 0.398909062147141 -0.684258997440338 -2.15467429161072
2017-11-10T23:20:42.524229Z 626878.333615423 4618344.79900316 120.590400695801 -3.12080383300781 0.612835168838501 -1.12067782878876
2017-11-10T23:20:43.532255Z 626879.411214948 4618344.6149731 114.525199890137 0.847223937511444 0.948237478733063 -3.11230039596558
2017-11-10T23:20:44.524316Z 626880.05861485 4618344.70652298 115.809499740601 1.22557270526886 1.01032376289368 -2.76435780525208
2017-11-10T23:20:45.532049Z 626879.652014852 4618344.85132316 115.81639957428 1.33009660243988 1.10885059833527 -2.71363162994385
2017-11-10T23:20:46.524122Z 626879.611515165 4618344.751313 115.957300186157 -0.622486472129822 1.538858294487 1.67821419239044
2017-11-10T23:20:47.532400Z 626879.601914525 4618344.73831299 115.671299934387 2.95164346694946 1.52103197574615 -1.0526020526886
2017-11-10T23:20:48.524463Z 626879.600014806 4618344.73206309 115.549799919128 2.95494413375854 1.36547255516052 -1.06288766860962
2017-11-10T23:20:49.532467Z 626879.757314802 4618344.47955302 115.304200172424 3.01146292686462 1.21183729171753 -0.989889085292816
2017-11-10T23:20:50.524535Z 626879.871315122 4618344.23606304 115.132599830627 2.99821472167969 1.09326887130737 -1.01224756240845
2017-11-10T23:20:51.532542Z 626879.871315122 4618344.23606304 115.132599830627 2.99821472167969 1.09326887130737 -1.01224756240845
2017-11-10T23:20:52.524610Z 626879.871315122 4618344.23606304 115.132599830627 2.99821472167969 1.09326887130737 -1.01224756240845
2017-11-10T23:20:53.532649Z 626879.871315122 4618344.23606304 115.132599830627 2.99821472167969 1.09326887130737 -1.01224756240845
2017-11-10T23:20:54.524686Z 626879.871315122 4618344.23606304 115.132599830627 2.99821472167969 1.09326887130737 -1.01224756240845
2017-11-10T23:20:55.532776Z 626879.871315122 4618344.23606304 115.132599830627 2.99821472167969 1.09326887130737 -1.01224756240845
2017-11-10T23:20:56.524760Z 626879.871315122 4618344.23606304 115.132599830627 2.99821472167969 1.09326887130737 -1.01224756240845
2017-11-10T23:20:57.532859Z 626879.871315122 4618344.23606304 115.132599830627 2.99821472167969 1.09326887130737 -1.01224756240845
2017-11-10T23:20:58.524836Z 626879.871315122 4618344.23606304 115.132599830627 2.99821472167969 1.09326887130737 -1.01224756240845
2017-11-10T23:20:59.532932Z 626879.871315122 4618344.23606304 115.132599830627 2.99821472167969 1.09326887130737 -1.01224756240845
2017-11-10T23:21:00.540937Z 626879.871315122 4618344.23606304 115.132599830627 2.99821472167969 1.09326887130737 -1.01224756240845
2017-11-10T23:21:01.533008Z 626879.871315122 4618344.23606304 115.132599830627 2.99821472167969 1.09326887130737 -1.01224756240845
2017-11-10T23:21:02.541001Z 626879.871315122 4618344.23606304 115.132599830627 2.99821472167969 1.09326887130737 -1.01224756240845
2017-11-10T23:21:03.533079Z 626879.871315122 4618344.23606304 115.132599830627 2.99821472167969 1.09326887130737 -1.01224756240845
2017-11-10T23:21:04.541035Z 626879.871315122 4618344.23606304 115.132599830627 2.99821472167969 1.09326887130737 -1.01224756240845
2017-11-10T23:21:05.533123Z 626879.871315122 4618344.23606304 115.132599830627 2.99821472167969 1.09326887130737 -1.01224756240845
2017-11-10T23:21:06.541090Z 626879.871315122 4618344.23606304 115.132599830627 2.99821472167969 1.09326887130737 -1.01224756240845
2017-11-10T23:21:07.533216Z 626879.871315122 4618344.23606304 115.132599830627 2.99821472167969 1.09326887130737 -1.01224756240845
2017-11-10T23:21:08.541189Z 626877.935814977 4618345.49931303 113.390999794006 -0.439316034317017 -1.06698715686798 -2.72043061256409
2017-11-10T23:21:09.533276Z 626880.33931458 4618344.57670311 114.408900260925 -1.68783116340637 -1.12383115291595 1.34840357303619
2017-11-10T23:21:10.541393Z 626880.409414411 4618344.62516311 114.429900169373 -1.45977377891541 -1.16728508472443 1.13372886180878
2017-11-10T23:21:11.533351Z 626880.414814115 4618344.64198307 114.41759967804 -1.4355046749115 -1.16688048839569 1.12091898918152
2017-11-10T23:21:12.541409Z 626880.410614133 4618344.63862303 114.421799659729 -1.44381046295166 -1.16533124446869 1.12491726875305
2017-11-10T23:21:13.533475Z 626880.411815763 4618344.64261297 114.423000335693 -1.44566595554352 -1.16610753536224 1.12929272651672
2017-11-10T23:21:14.542474Z 626880.412014127 4618344.6458731 114.41639995575 -1.4360830783844 -1.16767239570618 1.12364435195923
2017-11-10T23:21:15.533499Z 626880.374715925 4618344.65426305 114.545599937439 -1.60567831993103 -1.14161813259125 1.26238024234772
2017-11-10T23:21:16.541566Z 626880.39641583 4618344.89788297 114.831399917603 -1.65989708900452 -1.09115397930145 1.34284961223602
2017-11-10T23:21:17.533574Z 626880.400714994 4618345.03827313 115.053999900818 -1.76943230628967 -1.08388447761536 1.44646775722504
2017-11-10T23:21:18.541614Z 626879.491914869 4618346.22273007 114.857600212097 -1.08715605735779 -0.682913780212402 -3.12079668045044
2017-11-10T23:21:19.533628Z 626879.353614927 4618346.22278807 115.111300468445 -1.18662321567535 -0.722854495048523 3.09568524360657
2017-11-10T23:21:20.541709Z 626879.139914632 4618346.03732303 114.836700439453 -0.802271068096161 -0.580578804016113 3.05609679222107
2017-11-10T23:21:21.533720Z 626879.133714795 4618346.03846303 114.835499763489 -0.799968361854553 -0.583085238933563 3.05789661407471
2017-11-10T23:21:22.541850Z 626879.135714651 4618346.03910306 114.834300041199 -0.799674272537231 -0.581906914710999 3.05617070198059
2017-11-10T23:21:23.533807Z 626879.145614744 4618346.0473871 114.831600189209 -0.801355957984924 -0.579776525497437 3.05381464958191
2017-11-10T23:21:24.541895Z 626879.450915456 4618346.14516208 116.009399414062 -2.15510654449463 -0.725471079349518 -2.66018867492676
2017-11-10T23:21:25.533955Z 626878.640315175 4618345.49887303 116.291599273682 -2.22138094902039 -0.472864121198654 -1.92464733123779
2017-11-10T23:21:26.541967Z 626878.606015325 4618345.26265303 116.439500808716 -2.3054416179657 -0.455069810152054 -1.89672684669495
2017-11-10T23:21:27.534026Z 626878.272714734 4618345.42902306 115.888999938965 -1.70199608802795 -0.464622110128403 -2.24506759643555
2017-11-10T23:21:28.542203Z 626879.727814794 4618344.18968299 116.824199676514 3.0133261680603 0.0698543936014175 -1.64633655548096
2017-11-10T23:21:29.534099Z 626878.300714612 4618345.45129303 114.748700141907 -0.910380303859711 -0.0284646451473236 -2.55055212974548
2017-11-10T23:21:30.542133Z 626878.305614591 4618345.44003311 114.741900444031 -0.906103014945984 -0.0339312106370926 -2.53998184204102
2017-11-10T23:21:31.534024Z 626878.296514631 4618345.44247309 114.750900268555 -0.905609965324402 -0.0368021056056023 -2.54483437538147
2017-11-10T23:21:32.542202Z 626878.301715017 4618345.46076301 114.759799957275 -0.913947820663452 -0.0315254218876362 -2.55158543586731
2017-11-10T23:21:33.534239Z 626878.221414686 4618345.04753307 114.451000213623 -0.694626331329346 -0.0982546135783195 -2.41210579872131
2017-11-10T23:21:34.542290Z 626879.217615247 4618343.43745307 114.479999542236 -0.57142037153244 -0.798968434333801 -1.02243304252625
2017-11-10T23:21:35.534325Z 626879.331215024 4618343.21937302 114.694899559021 -0.514601349830627 -0.789251148700714 -1.08539581298828
2017-11-10T23:21:36.542343Z 626879.277814985 4618343.04358319 114.749600410461 -0.514130711555481 -0.765081822872162 -1.10331594944
2017-11-10T23:21:37.534399Z 626879.295114637 4618342.89216283 114.867899894714 -0.552045166492462 -0.784697234630585 -1.10115087032318
2017-11-10T23:21:38.542432Z 626879.304715276 4618342.85695318 114.885800361633 -0.562754690647125 -0.801561295986176 -1.08957648277283
2017-11-10T23:21:39.534482Z 626879.302214742 4618342.85737327 114.885899543762 -0.56412535905838 -0.800857186317444 -1.0899965763092
2017-11-10T23:21:40.542574Z 626879.303815008 4618342.86187318 114.881999969482 -0.561794519424438 -0.797832071781158 -1.09025490283966
2017-11-10T23:21:41.534549Z 626879.309314847 4618342.84002307 114.901900291443 -0.563694357872009 -0.765540778636932 -1.07410442829132
2017-11-10T23:21:42.542666Z 626879.384914518 4618342.84774307 114.973099708557 -0.547024607658386 -0.718968689441681 -1.18598365783691
2017-11-10T23:21:43.534625Z 626879.489014745 4618342.57074312 115.220299720764 -0.577321588993073 -0.714439392089844 -1.0962336063385
2017-11-10T23:21:44.542717Z 626879.846614957 4618342.26668314 115.469499588013 -0.473413318395615 -0.70569372177124 -1.09243559837341
2017-11-10T23:21:45.534746Z 626879.796115041 4618342.15723327 115.531700134277 -0.487735629081726 -0.662621855735779 -1.10526311397552
2017-11-10T23:21:46.542796Z 626879.853614927 4618342.01299289 115.643500328064 -0.532014310359955 -0.655993759632111 -1.09335386753082
2017-11-10T23:21:47.534779Z 626879.850514531 4618341.98344329 115.663900375366 -0.541873395442963 -0.667862296104431 -1.09295856952667
2017-11-10T23:21:48.542869Z 626879.892114759 4618341.96079305 115.680399894714 -0.51667982339859 -0.658939838409424 -1.09830713272095
2017-11-10T23:21:49.534848Z 626879.903414846 4618341.95152286 115.690799713135 -0.520308911800385 -0.654766440391541 -1.09302008152008
2017-11-10T23:21:50.542885Z 626879.900115133 4618341.95145324 115.691200256348 -0.522735774517059 -0.654731154441833 -1.09365594387054
2017-11-10T23:21:51.534913Z 626879.916614652 4618341.96084312 115.686599731445 -0.509571433067322 -0.652553200721741 -1.09705364704132
2017-11-10T23:21:52.543617Z 626879.77941525 4618341.88619331 115.776599884033 -0.620242655277252 -0.641666114330292 -1.0933952331543
2017-11-10T23:21:53.534968Z 626880.056815267 4618341.66570285 115.912599563599 -0.473958998918533 -0.69956511259079 -1.10738956928253
2017-11-10T23:21:54.542819Z 626880.253515363 4618341.3978329 116.13570022583 -0.456017166376114 -0.703243434429169 -1.07308518886566
2017-11-10T23:21:55.535070Z 626880.501815915 4618341.28661302 116.258199691772 -0.284044831991196 -0.624537289142609 -1.15947878360748
2017-11-10T23:21:56.543154Z 626880.473014951 4618341.10722307 116.341499328613 -0.359065979719162 -0.600870847702026 -1.17786991596222
2017-11-10T23:21:57.535224Z 626880.465015531 4618341.11194328 116.338600158691 -0.361283361911774 -0.600298762321472 -1.1792163848877
2017-11-10T23:21:58.543192Z 626880.462114454 4618341.11476329 116.336999893188 -0.363266110420227 -0.600049138069153 -1.17915189266205
2017-11-10T23:21:59.535299Z 626880.37001431 4618341.05105308 116.361099243164 -0.42066290974617 -0.556445181369781 -1.19727027416229
2017-11-10T23:22:00.543307Z 626880.491514325 4618340.68917326 116.557199478149 -0.46939691901207 -0.530770480632782 -1.2114669084549
2017-11-10T23:22:01.535372Z 626880.696615339 4618340.55775312 116.656299591064 -0.261151134967804 -0.527205228805542 -1.23430180549622
2017-11-10T23:22:02.543360Z 626880.674614072 4618340.34387306 116.719900131226 -0.380473554134369 -0.488559037446976 -1.23769545555115
2017-11-10T23:22:03.535431Z 626880.679115415 4618340.34451297 116.722499847412 -0.375721514225006 -0.49051359295845 -1.2367171049118
2017-11-10T23:22:04.543471Z 626880.680414319 4618340.34485296 116.722499847412 -0.375758439302444 -0.491146326065063 -1.23608493804932
2017-11-10T23:22:05.535488Z 626880.65841496 4618340.32047323 116.718099594116 -0.392154186964035 -0.492003858089447 -1.22998785972595
2017-11-10T23:22:06.543511Z 626880.608715177 4618340.241303 116.717399597168 -0.363556265830994 -0.502620935440063 -1.22882413864136
2017-11-10T23:22:07.551586Z 626880.836914182 4618340.05882314 116.884000778198 -0.282212436199188 -0.433700978755951 -1.25545489788055
2017-11-10T23:22:08.543622Z 626880.951315046 4618339.76779321 117.018699645996 -0.280680894851685 -0.465239673852921 -1.26939129829407
2017-11-10T23:22:09.551539Z 626881.038814664 4618339.60315326 117.096399307251 -0.300049215555191 -0.455852568149567 -1.28264904022217
2017-11-10T23:22:10.543645Z 626881.076814771 4618339.49582294 117.125299453735 -0.287584781646729 -0.445114254951477 -1.31654369831085
2017-11-10T23:22:11.551631Z 626881.081215024 4618339.47074321 117.130500793457 -0.28382733464241 -0.44021612405777 -1.31708133220673
2017-11-10T23:22:12.543732Z 626881.086414457 4618339.45457319 117.137599945068 -0.285386174917221 -0.442141473293304 -1.31683647632599
2017-11-10T23:22:13.551798Z 626881.085815549 4618339.45416311 117.136600494385 -0.285353302955627 -0.441853851079941 -1.31837999820709
2017-11-10T23:22:14.543881Z 626881.085415006 4618339.45454315 117.138200759888 -0.285844504833221 -0.442095011472702 -1.31796669960022
2017-11-10T23:22:15.551906Z 626881.086914182 4618339.45307306 117.1392993927 -0.285841226577759 -0.443089872598648 -1.31756484508514
2017-11-10T23:22:16.543967Z 626881.09191525 4618339.420373 117.141399383545 -0.283123224973679 -0.449081182479858 -1.31782650947571
2017-11-10T23:22:17.551977Z 626881.146215558 4618339.19662288 117.23509979248 -0.269074440002441 -0.416057020425797 -1.28499054908752
2017-11-10T23:22:18.544034Z 626881.246814847 4618338.91006282 117.327899932861 -0.31666699051857 -0.42926874756813 -1.32502329349518
2017-11-10T23:22:19.552055Z 626881.209514737 4618338.80635265 117.318599700928 -0.209165334701538 -0.442910552024841 -1.37939345836639
2017-11-10T23:22:20.544111Z 626881.383514524 4618338.58707336 117.455499649048 -0.172952428460121 -0.417735815048218 -1.34397602081299
2017-11-10T23:22:21.552124Z 626881.438514829 4618338.36284355 117.534999847412 -0.136701464653015 -0.43966680765152 -1.3487343788147
2017-11-10T23:22:22.544181Z 626881.489814878 4618338.19617275 117.604499816895 -0.138124525547028 -0.425787389278412 -1.35385990142822
2017-11-10T23:22:23.552223Z 626881.510515333 4618338.15996269 117.627199172974 -0.16206568479538 -0.413447797298431 -1.34740424156189
2017-11-10T23:22:24.544409Z 626881.511715055 4618338.15797332 117.629499435425 -0.16178771853447 -0.412996858358383 -1.34533596038818
2017-11-10T23:22:25.552276Z 626881.513015867 4618338.15732292 117.629600524902 -0.160957723855972 -0.413784146308899 -1.34586405754089
2017-11-10T23:22:26.544333Z 626881.497915388 4618338.11829284 117.637899398804 -0.172702208161354 -0.418317943811417 -1.34860396385193
2017-11-10T23:22:27.552498Z 626881.436115384 4618337.86329273 117.676200866699 -0.218733340501785 -0.372810184955597 -1.37236750125885
2017-11-10T23:22:28.544405Z 626881.540214658 4618337.6232529 117.75830078125 -0.14074282348156 -0.336109727621078 -1.35980141162872
2017-11-10T23:22:29.552410Z 626881.61611569 4618337.24605278 117.823499679565 -0.14078913629055 -0.344464838504791 -1.31288290023804
2017-11-10T23:22:30.544472Z 626881.68661511 4618337.04975322 117.97859954834 -0.0680138543248177 -0.413584321737289 -1.43383479118347
2017-11-10T23:22:31.552561Z 626881.527614713 4618337.17011264 119.841299057007 -2.89648866653442 -0.914710462093353 0.877263426780701
2017-11-10T23:22:32.544550Z 626881.52321446 4618337.17560295 119.848100662231 -2.9036545753479 -0.909526407718658 0.878311216831207
2017-11-10T23:22:33.552647Z 626881.521215558 4618337.17321304 119.846500396729 -2.90404891967773 -0.9132120013237 0.877821266651154
2017-11-10T23:22:34.544629Z 626881.503814817 4618337.19042305 119.871900558472 -2.93547654151917 -0.898993730545044 0.884627521038055
2017-11-10T23:22:35.552729Z 626881.255415082 4618337.15586284 119.824699401855 2.43071722984314 -1.02437198162079 2.02700448036194
2017-11-10T23:22:36.544706Z 626880.985815168 4618337.09451297 119.717199325562 1.85236394405365 -1.01101076602936 2.4154942035675
2017-11-10T23:22:37.552787Z 626880.985815168 4618337.09451297 119.717199325562 1.85236394405365 -1.01101076602936 2.4154942035675
2017-11-10T23:22:38.544780Z 626880.985815168 4618337.09451297 119.717199325562 1.85236394405365 -1.01101076602936 2.4154942035675
2017-11-10T23:22:39.552862Z 626880.985815168 4618337.09451297 119.717199325562 1.85236394405365 -1.01101076602936 2.4154942035675
2017-11-10T23:22:40.544822Z 626880.985815168 4618337.09451297 119.717199325562 1.85236394405365 -1.01101076602936 2.4154942035675
2017-11-10T23:22:41.552941Z 626880.985815168 4618337.09451297 119.717199325562 1.85236394405365 -1.01101076602936 2.4154942035675
2017-11-10T23:22:42.544928Z 626880.985815168 4618337.09451297 119.717199325562 1.85236394405365 -1.01101076602936 2.4154942035675
2017-11-10T23:22:43.553023Z 626880.985815168 4618337.09451297 119.717199325562 1.85236394405365 -1.01101076602936 2.4154942035675
2017-11-10T23:22:44.545005Z 626880.985815168 4618337.09451297 119.717199325562 1.85236394405365 -1.01101076602936 2.4154942035675
2017-11-10T23:22:45.553099Z 626880.985815168 4618337.09451297 119.717199325562 1.85236394405365 -1.01101076602936 2.4154942035675
2017-11-10T23:22:46.545150Z 626880.985815168 4618337.09451297 119.717199325562 1.85236394405365 -1.01101076602936 2.4154942035675
2017-11-10T23:22:47.553187Z 626880.985815168 4618337.09451297 119.717199325562 1.85236394405365 -1.01101076602936 2.4154942035675
2017-11-10T23:22:48.545224Z 626881.093315244 4618337.11747268 119.582599639893 1.64092457294464 -1.09229063987732 2.71387958526611
2017-11-10T23:22:49.553267Z 626881.098014951 4618337.11971286 119.599800109863 1.66151237487793 -1.08740556240082 2.70486211776733
2017-11-10T23:22:50.545298Z 626881.081815839 4618337.12929348 119.545700073242 1.52559566497803 -1.12973701953888 2.81269955635071
2017-11-10T23:22:51.553286Z 626880.586715818 4618337.45187286 120.121799468994 1.86758434772491 -0.0230285357683897 2.31318402290344
2017-11-10T23:22:52.545373Z 626880.348514676 4618337.77796272 120.17919921875 1.94216215610504 0.0439868830144405 2.24196195602417
2017-11-10T23:22:53.553413Z 626881.355415464 4618337.64724353 120.327800750732 2.05126786231995 -0.44394126534462 -2.18956327438354
2017-11-10T23:22:54.545447Z 626881.355415464 4618337.64724353 120.327800750732 2.05126786231995 -0.44394126534462 -2.18956327438354
2017-11-10T23:22:55.553438Z 626881.355415464 4618337.64724353 120.327800750732 2.05126786231995 -0.44394126534462 -2.18956327438354
2017-11-10T23:22:56.545521Z 626881.338615537 4618337.70821289 120.360000610352 2.10248160362244 -0.491221129894257 -2.15939974784851
2017-11-10T23:22:57.553607Z 626881.336214185 4618337.72946266 120.370399475098 2.12553310394287 -0.504713833332062 -2.15531229972839
2017-11-10T23:22:58.545642Z 626881.336214185 4618337.72946266 120.370399475098 2.12553310394287 -0.504713833332062 -2.15531229972839
2017-11-10T23:22:59.553307Z 626881.336214185 4618337.72946266 120.370399475098 2.12553310394287 -0.504713833332062 -2.15531229972839
2017-11-10T23:23:00.545670Z 626881.244814039 4618337.57672313 120.432600021362 2.06063079833984 -0.495788097381592 -2.12102365493774
2017-11-10T23:23:01.554698Z 626881.113315702 4618337.48649314 120.5482006073 2.08232879638672 -0.437951296567917 -2.12116885185242
2017-11-10T23:23:02.545704Z 626881.050014615 4618337.36278347 120.583499908447 2.05148339271545 -0.47416079044342 -2.16328001022339
2017-11-10T23:23:03.553813Z 626881.015915037 4618337.312583 120.608999252319 2.06541800498962 -0.484280824661255 -2.17144179344177
2017-11-10T23:23:04.545818Z 626881.015714765 4618337.30739311 120.605800628662 2.0643482208252 -0.488505840301514 -2.1732132434845
2017-11-10T23:23:05.553916Z 626881.014415861 4618337.30717281 120.609199523926 2.06713104248047 -0.487417846918106 -2.17426013946533
2017-11-10T23:23:06.545899Z 626880.973314405 4618337.23325351 120.662099838257 2.11672043800354 -0.462657749652863 -2.23369193077087
2017-11-10T23:23:07.553929Z 626880.871715665 4618337.05827335 120.788600921631 2.03946781158447 -0.70742130279541 -2.30923438072205
2017-11-10T23:23:08.546044Z 626880.871715665 4618337.05827335 120.788600921631 2.03946781158447 -0.70742130279541 -2.30923438072205
2017-11-10T23:23:09.554009Z 626880.871715665 4618337.05827335 120.788600921631 2.03946781158447 -0.70742130279541 -2.30923438072205
2017-11-10T23:23:10.545793Z 626880.871715665 4618337.05827335 120.788600921631 2.03946781158447 -0.70742130279541 -2.30923438072205
2017-11-10T23:23:11.554095Z 626880.863315702 4618337.05810264 120.807800292969 2.04765009880066 -0.704393744468689 -2.30729484558105
2017-11-10T23:23:12.546118Z 626880.863315702 4618337.05810264 120.807800292969 2.04765009880066 -0.704393744468689 -2.30729484558105
2017-11-10T23:23:13.554212Z 626880.759914518 4618337.13870338 121.113399505615 2.46608066558838 -1.05566692352295 -2.87660646438599
2017-11-10T23:23:14.562169Z 626879.878315091 4618338.29383281 119.328199386597 0.644363284111023 0.68221652507782 0.105868443846703
2017-11-10T23:23:15.554249Z 626879.878315091 4618338.29383281 119.328199386597 0.644363284111023 0.68221652507782 0.105868443846703
2017-11-10T23:23:16.562275Z 626879.905215383 4618338.29876331 119.307800292969 0.650155067443848 0.683554589748383 0.095885269343853
2017-11-10T23:23:17.554361Z 626879.887415052 4618338.28328327 119.303400039673 0.633669376373291 0.706286311149597 0.075317956507206
2017-11-10T23:23:18.562407Z 626879.911714673 4618338.34086326 119.321599960327 0.705022215843201 0.643557369709015 0.16077484190464
2017-11-10T23:23:19.554403Z 626879.978414655 4618338.06768325 119.072399139404 0.354587078094482 0.676284968852997 -0.0815456360578537
2017-11-10T23:23:20.562497Z 626880.027014852 4618338.08841327 118.97500038147 0.366602003574371 0.742167532444 -0.0483076833188534
2017-11-10T23:23:21.554474Z 626880.044614911 4618336.41366294 120.146499633789 -1.78599894046783 -0.291520595550537 0.260592848062515
2017-11-10T23:23:22.562564Z 626880.280614972 4618336.45246318 120.233200073242 -1.83035159111023 -0.325752705335617 0.274838984012604
2017-11-10T23:23:23.554550Z 626880.328914762 4618336.48716262 120.247299194336 -1.82649600505829 -0.313003957271576 0.300079166889191
2017-11-10T23:23:24.562666Z 626880.320915342 4618336.48156265 120.24220085144 -1.81991147994995 -0.30924129486084 0.293856978416443
2017-11-10T23:23:25.554623Z 626880.320215345 4618336.47946266 120.23929977417 -1.81628513336182 -0.309789329767227 0.290761858224869
2017-11-10T23:23:26.562661Z 626880.322915197 4618336.46516326 120.22559928894 -1.7856627702713 -0.319128304719925 0.258961796760559
2017-11-10T23:23:27.554696Z 626880.662315488 4618336.52396301 120.302299499512 -1.79667162895203 -0.326740831136703 0.314209818840027
2017-11-10T23:23:28.562794Z 626880.948314786 4618336.66366294 120.425500869751 -1.91899013519287 -0.291080057621002 0.388923645019531
2017-11-10T23:23:29.554734Z 626881.154615522 4618336.74906353 120.471399307251 -1.89443159103394 -0.27063462138176 0.434613585472107
2017-11-10T23:23:30.562861Z 626881.281915784 4618336.80166343 120.500699996948 -1.84764683246613 -0.242538914084435 0.447425693273544
2017-11-10T23:23:31.554844Z 626881.295414091 4618336.80706314 120.507299423218 -1.85323119163513 -0.241329699754715 0.442890465259552
2017-11-10T23:23:32.562676Z 626881.296814084 4618336.80686286 120.50239944458 -1.84811687469482 -0.240319550037384 0.441641539335251
2017-11-10T23:23:33.555391Z 626881.318815351 4618336.81726268 120.505300521851 -1.84336829185486 -0.238474935293198 0.44607201218605
2017-11-10T23:23:34.563014Z 626881.5433141 4618336.94166282 120.573799133301 -1.94180238246918 -0.215916767716408 0.495584547519684
2017-11-10T23:23:35.555066Z 626881.890615583 4618337.10009292 120.644899368286 -1.86045324802399 -0.198291912674904 0.535038232803345
2017-11-10T23:23:36.563460Z 626882.160415769 4618337.26206306 120.826700210571 -1.9994490146637 -0.223616987466812 0.575768828392029
2017-11-10T23:23:37.555162Z 626882.246715665 4618337.30820278 120.781799316406 -1.91510689258575 -0.20217652618885 0.568125605583191
2017-11-10T23:23:38.563020Z 626882.236414075 4618337.30248264 120.782199859619 -1.920081615448 -0.201202780008316 0.568353533744812
2017-11-10T23:23:39.555218Z 626882.235214353 4618337.30164341 120.783399581909 -1.9211288690567 -0.201344653964043 0.567674577236176
2017-11-10T23:23:40.563287Z 626882.343715787 4618337.32298282 120.777500152588 -1.87732923030853 -0.213217869400978 0.565233469009399
2017-11-10T23:23:41.555233Z 626882.757415891 4618337.59217266 120.979299545288 -1.98554694652557 -0.207931086421013 0.621447861194611
2017-11-10T23:23:42.563046Z 626883.044014097 4618337.74605278 121.018800735474 -1.92141461372375 -0.191988259553909 0.618854582309723
2017-11-10T23:23:43.555359Z 626883.107114911 4618337.77944282 121.017700195312 -1.90928685665131 -0.205512598156929 0.611588597297668
2017-11-10T23:23:44.563405Z 626883.106315732 4618337.77827266 121.01849937439 -1.90909600257874 -0.204415634274483 0.611649215221405
2017-11-10T23:23:45.555437Z 626883.096214414 4618337.77919296 121.049200057983 -1.92909801006317 -0.204444229602814 0.6083704829216
2017-11-10T23:23:46.563453Z 626883.346414686 4618337.97388271 121.092500686646 -1.95508909225464 -0.231342032551765 0.679571747779846
2017-11-10T23:23:47.555505Z 626883.619314313 4618338.12307266 121.224199295044 -1.93140625953674 -0.222773060202599 0.649111390113831
2017-11-10T23:23:48.563533Z 626883.864214063 4618338.24205307 121.230800628662 -1.87768185138702 -0.210913255810738 0.65195906162262
2017-11-10T23:23:49.555571Z 626884.025814176 4618338.34949306 121.250799179077 -1.87568151950836 -0.19534195959568 0.618505775928497
2017-11-10T23:23:50.563558Z 626884.011514783 4618338.33549312 121.251800537109 -1.87297379970551 -0.199557885527611 0.6059450507164
2017-11-10T23:23:51.555659Z 626884.01231587 4618338.33604339 121.250200271606 -1.87150704860687 -0.198452055454254 0.605710685253143
2017-11-10T23:23:52.563770Z 626884.012115598 4618338.3354235 121.252300262451 -1.87230026721954 -0.198326587677002 0.603423297405243
2017-11-10T23:23:53.555732Z 626884.031215787 4618338.31146339 121.237800598145 -1.85466587543488 -0.195878177881241 0.588601469993591
2017-11-10T23:23:54.563831Z 626884.308515668 4618338.59150318 121.474500656128 -1.99612414836884 -0.197932884097099 0.644498825073242
2017-11-10T23:23:55.555815Z 626884.614715696 4618338.60503295 121.358999252319 -1.85789978504181 -0.202914625406265 0.578153312206268
2017-11-10T23:23:56.563753Z 626884.734914899 4618338.80054286 121.429599761963 -1.9310964345932 -0.180857345461845 0.637390613555908
2017-11-10T23:23:57.555927Z 626884.735515714 4618338.79928306 121.430599212646 -1.92855250835419 -0.179602012038231 0.634939253330231
2017-11-10T23:23:58.563982Z 626884.733715177 4618338.79787353 121.431100845337 -1.92840540409088 -0.179526805877686 0.632897078990936
2017-11-10T23:23:59.555924Z 626884.730915189 4618338.82187274 121.448699951172 -1.93841505050659 -0.174333736300468 0.632810890674591
2017-11-10T23:24:00.563991Z 626884.871614576 4618338.94510273 121.507699966431 -1.94183969497681 -0.172901183366776 0.658350110054016
2017-11-10T23:24:01.556016Z 626885.123714567 4618339.14667324 121.517700195312 -1.96225738525391 -0.154240846633911 0.70043408870697
2017-11-10T23:24:02.564141Z 626885.139015317 4618339.09675315 121.523599624634 -1.94705760478973 -0.166806474328041 0.686107873916626
2017-11-10T23:24:03.556102Z 626885.143814206 4618339.09463314 121.526399612427 -1.94594049453735 -0.164526253938675 0.687319934368134
2017-11-10T23:24:04.564171Z 626885.141615033 4618339.09436325 121.526500701904 -1.94565522670746 -0.163035303354263 0.684514582157135
2017-11-10T23:24:05.556178Z 626885.121814847 4618339.13972286 121.547300338745 -1.94393634796143 -0.164236336946487 0.649138569831848
2017-11-10T23:24:06.564256Z 626885.402114988 4618339.14715293 121.62260055542 -1.88076376914978 -0.17349100112915 0.635106563568115
2017-11-10T23:24:07.556250Z 626885.745714307 4618339.47771314 121.68510055542 -1.96192026138306 -0.128289610147476 0.678769469261169
2017-11-10T23:24:08.564326Z 626885.760215879 4618339.49972299 121.686399459839 -1.96675300598145 -0.128523543477058 0.685657680034637
2017-11-10T23:24:09.556140Z 626885.76221478 4618339.49231294 121.688499450684 -1.96327996253967 -0.126917466521263 0.688241183757782
2017-11-10T23:24:10.564473Z 626885.751215101 4618339.48894313 121.684700012207 -1.96414983272552 -0.127330794930458 0.685935914516449
2017-11-10T23:24:11.556470Z 626885.755214811 4618339.4934831 121.684700012207 -1.96290934085846 -0.126467853784561 0.684856534004211
2017-11-10T23:24:12.564462Z 626885.762815595 4618339.49857286 121.686899185181 -1.96318662166595 -0.126740038394928 0.685343086719513
2017-11-10T23:24:13.556535Z 626885.760215879 4618339.49459318 121.686000823975 -1.96229302883148 -0.128200873732567 0.683289110660553
2017-11-10T23:24:14.564563Z 626885.748914838 4618339.48588327 121.683000564575 -1.96163272857666 -0.134056150913239 0.677826225757599
2017-11-10T23:24:15.556611Z 626885.746915937 4618339.48491291 121.681200027466 -1.96224749088287 -0.134993627667427 0.679936766624451
2017-11-10T23:24:16.564604Z 626885.744814039 4618339.48396305 121.680299758911 -1.96182918548584 -0.134054139256477 0.677924573421478
2017-11-10T23:24:17.556694Z 626885.725914121 4618339.46763328 121.674600601196 -1.95773410797119 -0.131686270236969 0.658622264862061
2017-11-10T23:24:18.564719Z 626885.884414792 4618339.6195331 121.706300735474 -1.95542681217194 -0.140220046043396 0.656484723091125
2017-11-10T23:24:19.572772Z 626886.37521565 4618339.48422292 121.664800643921 -1.80338191986084 -0.123255841434002 0.741722226142883
2017-11-10T23:24:20.564702Z 626885.959715009 4618341.11843303 122.539600372314 -2.74052762985229 0.367602348327637 1.89558446407318
2017-11-10T23:24:21.572850Z 626886.001615644 4618341.03695301 122.531400680542 -2.76677536964417 0.390202820301056 1.91274166107178
2017-11-10T23:24:22.564830Z 626885.995214582 4618341.05811313 122.530300140381 -2.76428508758545 0.40367978811264 1.91340219974518
2017-11-10T23:24:23.572920Z 626885.997415662 4618341.05328325 122.533100128174 -2.76544570922852 0.401352822780609 1.91401994228363
2017-11-10T23:24:24.564899Z 626885.997814298 4618341.05198291 122.532199859619 -2.76530718803406 0.404163718223572 1.91503953933716
2017-11-10T23:24:25.572995Z 626885.996814847 4618341.05122283 122.533599853516 -2.76698637008667 0.402958929538727 1.91523540019989
2017-11-10T23:24:26.564975Z 626885.996515394 4618341.05171302 122.532800674438 -2.76681637763977 0.403802663087845 1.91486203670502
2017-11-10T23:24:27.573576Z 626886.003315091 4618341.04037288 122.537700653076 -2.76682686805725 0.394851386547089 1.91391849517822
2017-11-10T23:24:28.565048Z 626886.002315641 4618341.04555324 122.540100097656 -2.76701974868774 0.396343618631363 1.91415023803711
2017-11-10T23:24:29.573334Z 626886.004915357 4618341.03689292 122.541999816895 -2.76898956298828 0.391535341739655 1.90887689590454
2017-11-10T23:24:30.565194Z 626886.0053159 4618341.03706316 122.539699554443 -2.76871919631958 0.392498373985291 1.90933930873871
2017-11-10T23:24:31.573208Z 626886.006315351 4618341.0363231 122.538400650024 -2.76772856712341 0.392504870891571 1.90990149974823
2017-11-10T23:24:32.565262Z 626886.006214261 4618341.03525308 122.539300918579 -2.76875281333923 0.391468226909637 1.90897595882416
2017-11-10T23:24:33.573325Z 626886.006115079 4618341.03540329 122.539499282837 -2.76878023147583 0.391487717628479 1.90917634963989
2017-11-10T23:24:34.565341Z 626886.006614805 4618341.03516296 122.539199829102 -2.76877236366272 0.390772730112076 1.90830230712891
2017-11-10T23:24:35.573361Z 626886.005815626 4618341.0356932 122.539199829102 -2.76884269714355 0.391904264688492 1.90993893146515
2017-11-10T23:24:36.565418Z 626886.006614805 4618341.03598312 122.538900375366 -2.76807689666748 0.391934543848038 1.90982270240784
2017-11-10T23:24:37.573439Z 626886.005014539 4618341.03712324 122.539600372314 -2.76907634735107 0.392688870429993 1.91057443618774
2017-11-10T23:24:38.565492Z 626886.004415632 4618341.03749326 122.539499282837 -2.76940941810608 0.392842561006546 1.91093707084656
2017-11-10T23:24:39.573506Z 626886.007015348 4618341.03612283 122.538799285889 -2.76804280281067 0.392123907804489 1.90977585315704
2017-11-10T23:24:40.565563Z 626886.007314802 4618341.03745321 122.537099838257 -2.76645517349243 0.393531113862991 1.91101837158203
2017-11-10T23:24:41.573584Z 626886.006414533 4618341.03947309 122.538400650024 -2.7673020362854 0.393640488386154 1.91004693508148
2017-11-10T23:24:42.565636Z 626886.005514264 4618341.03823284 122.538600921631 -2.76845860481262 0.393351376056671 1.91012394428253
2017-11-10T23:24:43.573728Z 626886.005714536 4618341.03689292 122.540100097656 -2.76957440376282 0.392238646745682 1.9087210893631
2017-11-10T23:24:44.565717Z 626886.006115079 4618341.038703 122.538299560547 -2.76860094070435 0.395170956850052 1.90763807296753
2017-11-10T23:24:45.573808Z 626886.006115079 4618341.0389233 122.538499832153 -2.76869487762451 0.394941300153732 1.90759551525116
2017-11-10T23:24:46.565818Z 626886.007915616 4618341.03820327 122.537399291992 -2.76671576499939 0.394007593393326 1.90848541259766
2017-11-10T23:24:47.573994Z 626886.009714246 4618341.03605321 122.537399291992 -2.76608347892761 0.392731070518494 1.90716171264648
2017-11-10T23:24:48.565859Z 626886.011015058 4618341.03559307 122.538200378418 -2.76551151275635 0.392314404249191 1.90674471855164
2017-11-10T23:24:49.573954Z 626886.010614515 4618341.03640321 122.538000106812 -2.76532697677612 0.391926974058151 1.90714859962463
2017-11-10T23:24:50.565931Z 626886.010515333 4618341.03743318 122.53750038147 -2.76479339599609 0.392741918563843 1.90797758102417
2017-11-10T23:24:51.574023Z 626886.010614515 4618341.03686288 122.538499832153 -2.76504111289978 0.391882628202438 1.90760171413422
2017-11-10T23:24:52.565994Z 626886.011814237 4618341.03671316 122.538000106812 -2.76425123214722 0.391865313053131 1.90713286399841
2017-11-10T23:24:53.574102Z 626886.011814237 4618341.03715328 122.537099838257 -2.76360464096069 0.392258107662201 1.90792691707611
2017-11-10T23:24:54.566070Z 626886.012115598 4618341.03769306 122.537300109863 -2.76341390609741 0.392429113388062 1.90800905227661
2017-11-10T23:24:55.574170Z 626886.006115079 4618341.04361299 122.53210067749 -2.76556468009949 0.401536375284195 1.91190874576569
2017-11-10T23:24:56.566218Z 626886.005914808 4618341.045023 122.532699584961 -2.76538801193237 0.401336491107941 1.91220700740814
2017-11-10T23:24:57.574247Z 626886.005514264 4618341.04393295 122.534200668335 -2.76618504524231 0.399528473615646 1.91241109371185
2017-11-10T23:24:58.566298Z 626886.00311482 4618341.04921297 122.532400131226 -2.76507902145386 0.400867283344269 1.91376650333405
2017-11-10T23:24:59.574309Z 626885.967115522 4618341.01437286 122.471200942993 -2.76568341255188 0.392259210348129 1.88201522827148
2017-11-10T23:25:00.566446Z 626886.197214246 4618341.31915287 122.479900360107 -2.56077170372009 0.333051115274429 1.8448441028595
2017-11-10T23:25:01.574382Z 626885.860515714 4618341.22386316 122.211399078369 -2.76605319976807 0.325035035610199 1.89765584468842
2017-11-10T23:25:02.566444Z 626886.240814329 4618341.64809326 121.993499755859 -2.29127812385559 0.423321485519409 1.95954346656799
2017-11-10T23:25:03.574488Z 626886.138015867 4618341.9411631 121.812299728394 -2.3070695400238 0.479547768831253 2.03725814819336
2017-11-10T23:25:04.566518Z 626886.070314527 4618341.97191289 121.807300567627 -2.33475947380066 0.385565280914307 1.94427633285522
2017-11-10T23:25:05.574591Z 626886.08171475 4618342.07179311 121.776300430298 -2.32399559020996 0.354261696338654 1.91969037055969
2017-11-10T23:25:06.566592Z 626886.078315854 4618342.08249286 121.771499633789 -2.32477378845215 0.35564386844635 1.91974937915802
2017-11-10T23:25:07.574632Z 626886.080915571 4618342.07826284 121.775899887085 -2.32739353179932 0.352199375629425 1.91668438911438
2017-11-10T23:25:08.566708Z 626886.082214475 4618342.07823328 121.775699615479 -2.32676243782043 0.351815849542618 1.91538023948669
2017-11-10T23:25:09.574705Z 626886.085514188 4618342.06626323 121.779600143433 -2.33040523529053 0.343837022781372 1.91535568237305
2017-11-10T23:25:10.566741Z 626886.082214475 4618342.06657318 121.779800415039 -2.33245825767517 0.343242287635803 1.91688990592957
2017-11-10T23:25:11.574777Z 626886.312414289 4618342.07180313 121.825799942017 -2.19463324546814 0.209514454007149 1.84472620487213
2017-11-10T23:25:12.566813Z 626885.790214658 4618341.36267284 122.156499862671 2.56959772109985 0.162992745637894 -1.64012980461121
2017-11-10T23:25:13.574876Z 626885.868015409 4618341.44291309 122.395399093628 2.62652444839478 -0.0240093059837818 -1.50527429580688
2017-11-10T23:25:14.566886Z 626885.850114942 4618341.16786293 122.332500457764 2.65537619590759 -0.0157947577536106 -1.51178455352783
2017-11-10T23:25:15.574982Z 626885.908714414 4618341.01499322 122.388399124146 2.67914366722107 -0.0834629684686661 -1.47631847858429
2017-11-10T23:25:16.566960Z 626885.830015302 4618341.0477629 122.281400680542 2.67821598052979 -0.094312958419323 -1.47151720523834
2017-11-10T23:25:17.575020Z 626885.842315793 4618341.04159311 122.298299789429 2.67805504798889 -0.0919761285185814 -1.47435545921326
2017-11-10T23:25:18.567030Z 626885.842014432 4618341.04259304 122.297500610352 2.6779899597168 -0.0926363319158554 -1.47426640987396
2017-11-10T23:25:19.575126Z 626885.842914701 4618341.04285291 122.298799514771 2.6779625415802 -0.0928156077861786 -1.47445547580719
2017-11-10T23:25:20.567046Z 626886.013115049 4618340.99934295 122.692699432373 2.67377996444702 -0.101939462125301 -1.4521861076355
2017-11-10T23:25:21.575047Z 626886.189214826 4618339.54497293 121.024599075317 -1.19487071037292 -0.854540050029755 -0.14832729101181
2017-11-10T23:25:22.567144Z 626887.004314542 4618340.85699323 122.218000411987 -2.24404811859131 0.208608746528625 1.6846090555191
2017-11-10T23:25:23.575273Z 626887.054014325 4618340.86119321 122.250400543213 -2.24171352386475 0.177100330591202 1.6367495059967
2017-11-10T23:25:24.567204Z 626887.05461514 4618340.85118297 122.253900527954 -2.24312901496887 0.183710619807243 1.63713717460632
2017-11-10T23:25:25.575310Z 626887.060815931 4618340.8498731 122.256799697876 -2.24336528778076 0.184546753764153 1.63613247871399
2017-11-10T23:25:26.583274Z 626887.218814969 4618340.89293293 122.408599853516 -2.28022432327271 0.135413467884064 1.58395969867706
2017-11-10T23:25:27.575427Z 626887.097715497 4618341.25513319 122.282800674438 -2.35706377029419 0.110391065478325 1.59452676773071
2017-11-10T23:25:28.583416Z 626884.715515256 4618340.69025329 121.392000198364 1.14890444278717 0.248677134513855 2.12868142127991
2017-11-10T23:25:29.575461Z 626884.582115293 4618340.74951318 121.348300933838 1.15576994419098 0.243544474244118 2.15231609344482
2017-11-10T23:25:30.583515Z 626884.576114774 4618340.74546293 121.346700668335 1.15834081172943 0.240522369742393 2.15598630905151
2017-11-10T23:25:31.575495Z 626884.577915311 4618340.74506286 121.34760093689 1.15771543979645 0.241028994321823 2.15680885314941
2017-11-10T23:25:32.583562Z 626884.576715589 4618340.74793294 121.347499847412 1.15736198425293 0.240184679627419 2.15297985076904
2017-11-10T23:25:33.575599Z 626883.868614316 4618339.87923292 121.367799758911 1.14830827713013 0.224177986383438 2.17133474349976
2017-11-10T23:25:34.583702Z 626883.575615049 4618339.98845294 121.198600769043 1.08828818798065 0.103087484836578 2.10363340377808
2017-11-10T23:25:35.575678Z 626883.409315229 4618339.77014307 120.978099822998 0.990598559379578 0.0650337338447571 2.28527736663818
2017-11-10T23:25:36.583747Z 626884.972114683 4618340.79089311 121.68510055542 -2.31986045837402 -0.0448829680681229 2.08402061462402
2017-11-10T23:25:37.575751Z 626883.667215467 4618340.57220319 122.078199386597 2.96685528755188 0.327622592449188 3.09408211708069
2017-11-10T23:25:38.583842Z 626882.866314054 4618340.32249311 122.140100479126 2.86967492103577 0.72644454240799 -3.06693649291992
2017-11-10T23:25:39.575828Z 626882.779214979 4618340.29496292 121.987499237061 2.88642954826355 0.89968329668045 -3.01501631736755
2017-11-10T23:25:40.583905Z 626882.982214094 4618340.34928325 122.255100250244 2.85991716384888 0.633934020996094 -3.08786559104919
2017-11-10T23:25:41.575913Z 626882.982315183 4618340.3495231 122.251800537109 2.86128854751587 0.631638586521149 -3.08664608001709
2017-11-10T23:25:42.583844Z 626882.978414655 4618340.34705308 122.250600814819 2.85877561569214 0.637176096439362 -3.0857834815979
2017-11-10T23:25:43.576057Z 626882.982914091 4618340.34774307 122.252000808716 2.85948181152344 0.634866416454315 -3.08458495140076
2017-11-10T23:25:44.584030Z 626882.769615293 4618340.31645301 122.548799514771 2.80390119552612 0.584180533885956 -3.0630407333374
2017-11-10T23:25:45.576117Z 626883.314014554 4618340.67144302 122.285900115967 3.01973438262939 0.455009669065475 2.92184448242188
2017-11-10T23:25:46.584138Z 626883.33281529 4618340.70550302 122.357500076294 3.04958558082581 0.402064472436905 2.89815974235535
2017-11-10T23:25:47.576190Z 626883.33791554 4618340.69983295 122.326000213623 3.03883194923401 0.422133922576904 2.89795684814453
2017-11-10T23:25:48.584216Z 626883.333114744 4618340.68513301 122.305000305176 3.04273128509521 0.409305155277252 2.90834760665894
2017-11-10T23:25:49.576263Z 626883.498615384 4618340.73608306 122.708099365234 3.0387134552002 0.0252055693417788 2.87316107749939
2017-11-10T23:25:50.584371Z 626883.344114423 4618339.62093309 122.357799530029 2.23550081253052 -0.246359497308731 -3.12043523788452
2017-11-10T23:25:51.576335Z 626884.396215558 4618339.90192321 122.278999328613 2.25840020179749 -1.0456348657608 -2.88487505912781
2017-11-10T23:25:52.584345Z 626881.586214185 4618339.73503307 121.060199737549 -1.64026284217834 -0.724521219730377 -1.72963571548462
2017-11-10T23:25:53.576415Z 626881.758615613 4618339.59982303 121.251100540161 -1.85938358306885 -0.733184158802032 -1.42741143703461
2017-11-10T23:25:54.584429Z 626881.785215497 4618339.5661631 121.403099060059 -2.04217481613159 -0.703090071678162 -1.18498766422272
2017-11-10T23:25:55.576739Z 626881.974615217 4618339.48023323 121.277799606323 -2.04860687255859 -0.616839468479156 -1.01639676094055
2017-11-10T23:25:56.584519Z 626881.980615735 4618339.45139316 121.426099777222 -2.29299378395081 -0.44727697968483 -0.734295785427094
2017-11-10T23:25:57.576605Z 626881.961015821 4618339.46891311 121.438899993896 -2.31772947311401 -0.421423703432083 -0.718180358409882
2017-11-10T23:25:58.584374Z 626882.003614545 4618339.45160297 121.436599731445 -2.31021785736084 -0.375835657119751 -0.645633339881897
2017-11-10T23:25:59.576630Z 626882.014415861 4618339.45283321 121.432500839233 -2.31091523170471 -0.377388507127762 -0.645666718482971
2017-11-10T23:26:00.584700Z 626882.00931561 4618339.4564133 121.436100006104 -2.31442260742188 -0.380012422800064 -0.647108256816864
2017-11-10T23:26:01.576646Z 626882.007415891 4618339.45662311 121.438100814819 -2.31501722335815 -0.382948458194733 -0.646644175052643
2017-11-10T23:26:02.584850Z 626882.013515592 4618339.4534531 121.443399429321 -2.31872296333313 -0.380545496940613 -0.642999827861786
2017-11-10T23:26:03.576764Z 626882.013414502 4618339.4534531 121.441699981689 -2.31784915924072 -0.380719989538193 -0.643387615680695
2017-11-10T23:26:04.584987Z 626881.94971478 4618339.45194295 121.549800872803 -2.35015559196472 -0.368828535079956 -0.640183806419373
2017-11-10T23:26:05.576837Z 626882.217214704 4618339.35573295 121.404100418091 -2.27651333808899 -0.244229733943939 -0.484130144119263
2017-11-10T23:26:06.584996Z 626881.242214322 4618340.27433303 121.093700408936 -2.09987926483154 -1.15433955192566 -1.21233665943146
2017-11-10T23:26:07.576914Z 626884.247514844 4618340.36583284 121.168699264526 1.30872237682343 -1.40716350078583 -1.7479362487793
2017-11-10T23:26:08.585061Z 626883.999414564 4618340.666513 121.402799606323 1.99896788597107 -1.44255995750427 -2.28580665588379
2017-11-10T23:26:09.576992Z 626884.074215055 4618340.55599311 121.543399810791 1.86097693443298 -1.3693391084671 -2.21197152137756
2017-11-10T23:26:10.585160Z 626884.234014631 4618340.21302322 121.744499206543 2.02468919754028 -1.35215950012207 -2.469313621521
2017-11-10T23:26:11.577031Z 626884.238615156 4618340.19013313 121.770999908447 2.09755921363831 -1.33393812179565 -2.56629943847656
2017-11-10T23:26:12.585175Z 626884.238815427 4618340.19016317 121.772899627686 2.10377860069275 -1.33328258991241 -2.57270479202271
2017-11-10T23:26:13.577137Z 626884.238714338 4618340.19149307 121.77260017395 2.10426998138428 -1.33384013175964 -2.5726044178009
2017-11-10T23:26:14.586237Z 626884.239015699 4618340.18915323 121.77379989624 2.10489559173584 -1.33318912982941 -2.57453918457031
2017-11-10T23:26:15.577213Z 626884.231615186 4618340.18199304 121.803300857544 2.09832119941711 -1.33328700065613 -2.57020664215088
2017-11-10T23:26:16.585303Z 626884.148815275 4618340.20540288 122.002300262451 1.78122961521149 -1.37943387031555 -2.26841592788696
2017-11-10T23:26:17.577360Z 626884.108514905 4618340.15354303 122.226299285889 1.25332856178284 -1.38725769519806 -1.72902703285217
2017-11-10T23:26:18.585398Z 626884.133915067 4618340.09524301 122.285800933838 0.532628238201141 -1.21696186065674 -0.985831439495087
2017-11-10T23:26:19.577432Z 626884.290014387 4618339.97564319 122.509799957275 0.58008998632431 -1.10108506679535 -0.967167794704437
2017-11-10T23:26:20.585478Z 626884.375814557 4618339.90799287 122.629100799561 0.477367550134659 -0.971855103969574 -0.865207016468048
2017-11-10T23:26:21.577502Z 626884.338714719 4618339.92846302 122.616300582886 0.47170552611351 -0.968883395195007 -0.848999857902527
2017-11-10T23:26:22.585544Z 626884.341714979 4618339.92770294 122.616800308228 0.476003021001816 -0.972907781600952 -0.853985965251923
2017-11-10T23:26:23.577576Z 626884.371915937 4618339.89408306 122.624799728394 0.45454141497612 -0.961846232414246 -0.838939547538757
2017-11-10T23:26:24.585587Z 626884.328914762 4618340.16699317 122.328300476074 0.352210402488708 -0.444034248590469 -0.535459041595459
2017-11-10T23:26:25.577797Z 626884.169714094 4618340.23136285 122.297700881958 0.299980014562607 0.232033491134644 -0.410221248865128
2017-11-10T23:26:26.585674Z 626884.368515134 4618340.34424308 122.289699554443 0.436840116977692 0.264861911535263 -0.41169548034668
2017-11-10T23:26:27.577722Z 626884.256214261 4618340.25931314 122.299600601196 0.360906213521957 0.2799192070961 -0.387210041284561
2017-11-10T23:26:28.585740Z 626884.261715055 4618340.25441316 122.28809928894 0.359663933515549 0.278471142053604 -0.387576758861542
2017-11-10T23:26:29.577795Z 626884.257915616 4618340.25495294 122.287200927734 0.359355241060257 0.281366854906082 -0.388247191905975
2017-11-10T23:26:30.585819Z 626884.300214887 4618340.11842302 122.201099395752 0.251579225063324 0.399085640907288 -0.393930047750473
2017-11-10T23:26:31.593880Z 626884.722114683 4618340.37239316 122.014999389648 0.541754901409149 0.471761405467987 -0.382529139518738
2017-11-10T23:26:32.585932Z 626884.792415738 4618340.23077301 121.96249961853 0.46771165728569 0.528412520885468 -0.355158865451813
2017-11-10T23:26:33.593926Z 626884.814815641 4618340.25695327 121.967599868774 0.494707316160202 0.506375730037689 -0.369030237197876
2017-11-10T23:26:34.586035Z 626884.812814832 4618340.26097301 121.970300674438 0.495474696159363 0.508020877838135 -0.368729650974274
2017-11-10T23:26:35.593962Z 626884.807714582 4618340.26185325 121.975900650024 0.491411238908768 0.509008824825287 -0.37056291103363
2017-11-10T23:26:36.586081Z 626884.84191525 4618340.25513319 121.943700790405 0.497331500053406 0.510596811771393 -0.372601479291916
2017-11-10T23:26:37.594068Z 626885.095115781 4618340.05307296 121.670999526978 0.391587853431702 0.651319086551666 -0.377071171998978
2017-11-10T23:26:38.586115Z 626885.461914182 4618340.1776729 121.509300231934 0.585166811943054 0.767366230487823 -0.338085532188416
2017-11-10T23:26:39.594170Z 626885.537014127 4618340.12692312 121.397699356079 0.563782751560211 0.769764304161072 -0.342167347669601
2017-11-10T23:26:40.586241Z 626885.558214307 4618340.13682321 121.399099349976 0.573367297649384 0.770307540893555 -0.347815096378326
2017-11-10T23:26:41.594204Z 626885.560815931 4618340.1381431 121.400199890137 0.569051861763 0.773109257221222 -0.355515033006668
2017-11-10T23:26:42.586286Z 626885.561515928 4618340.13787321 121.40060043335 0.568598747253418 0.772311747074127 -0.356835693120956
2017-11-10T23:26:43.594314Z 626885.567714811 4618340.13938287 121.398899078369 0.569088220596313 0.77033543586731 -0.359574347734451
2017-11-10T23:26:44.586360Z 626885.565815091 4618340.13655284 121.396099090576 0.566182971000671 0.770591855049133 -0.359422326087952
2017-11-10T23:26:45.594352Z 626885.56561482 4618340.12896303 121.387100219727 0.556958556175232 0.775681793689728 -0.35598224401474
2017-11-10T23:26:46.586436Z 626885.638715864 4618340.12292293 121.298099517822 0.600286424160004 0.788740158081055 -0.29248458147049
2017-11-10T23:26:47.594485Z 626885.693315626 4618340.02732328 121.143299102783 0.533769845962524 0.873269319534302 -0.234179303050041
2017-11-10T23:26:48.586508Z 626886.043615461 4618340.09934286 120.976999282837 0.670152962207794 0.868667423725128 -0.228268459439278
2017-11-10T23:26:49.594565Z 626886.100614667 4618340.05745319 120.765800476074 0.66511458158493 0.849169433116913 -0.127796426415443
2017-11-10T23:26:50.586585Z 626886.206314206 4618340.0715032 120.72380065918 0.726260364055634 0.832394123077393 -0.128020048141479
2017-11-10T23:26:51.594663Z 626886.15441525 4618339.97187284 120.553400039673 0.632895052433014 0.839358806610107 -0.0554632283747196
2017-11-10T23:26:52.586668Z 626886.325714231 4618340.06156305 120.596200942993 0.724919259548187 0.798883855342865 -0.131052270531654
2017-11-10T23:26:53.594709Z 626886.322414518 4618340.05814317 120.591100692749 0.714787840843201 0.800467908382416 -0.137354478240013
2017-11-10T23:26:54.586728Z 626886.322515607 4618340.05712322 120.591100692749 0.713780760765076 0.800307095050812 -0.137216404080391
2017-11-10T23:26:55.594824Z 626886.322115064 4618340.05664304 120.591100692749 0.712838768959045 0.800216615200043 -0.137886375188828
2017-11-10T23:26:56.586800Z 626886.323915601 4618340.05756286 120.590999603271 0.713284730911255 0.799519121646881 -0.138948887586594
2017-11-10T23:26:57.594851Z 626886.323215604 4618340.05636314 120.589799880981 0.711262106895447 0.799245178699493 -0.139609634876251
2017-11-10T23:26:58.586838Z 626886.325014234 4618340.05806306 120.590900421143 0.712929904460907 0.799174964427948 -0.140397816896439
2017-11-10T23:26:59.594971Z 626886.325414777 4618340.05833295 120.590999603271 0.71360456943512 0.799483299255371 -0.139958903193474
